t / s	&j / arb.u.
0,03	-0,61
0,08	-0,65
0,13	-0,61
0,18	-0,66
0,23	-0,62
0,28	-0,66
0,33	-0,61
0,38	-0,65
0,43	-0,62
0,48	-0,66
0,53	-0,61
0,58	-0,64
0,63	-0,62
0,68	-0,64
0,73	-0,61
0,78	-0,65
0,83	-0,62
0,88	-0,65
0,93	-0,61
0,98	-0,64
1,03	-0,61
1,08	-0,65
1,13	-0,61
1,18	-0,65
1,23	-0,63
1,28	-0,65
1,33	-0,61
1,38	-0,65
1,43	-0,61
1,48	-0,50
1,53	-0,33
1,58	-0,35
1,63	-0,43
1,68	-1,12
1,73	-2,36
1,78	-4,09
1,83	-5,92
1,88	-8,08
1,93	-10,46
1,98	-13,13
2,03	-15,86
2,08	-18,83
2,13	-21,79
2,18	-25,25
2,23	-29,19
2,28	-33,92
2,33	-38,92
2,38	-43,59
2,43	-47,66
2,48	-51,29
2,53	-53,64
2,58	-54,80
2,63	-55,38
2,68	-56,69
2,73	-58,56
2,78	-60,78
2,83	-62,58
2,88	-64,20
2,93	-65,48
2,98	-66,75
3,03	-67,85
3,08	-68,71
3,13	-69,20
3,18	-69,92
3,23	-70,84
3,28	-72,25
3,33	-73,61
3,38	-74,85
3,43	-75,82
3,48	-76,59
3,53	-76,71
3,58	-76,74
3,63	-76,71
3,68	-76,74
3,73	-76,71
3,78	-76,75
3,83	-76,72
3,88	-76,74
3,93	-76,71
3,98	-76,73
4,03	-76,71
4,08	-76,74
4,13	-76,72
4,18	-76,74
4,23	-76,71
4,28	-76,74
4,33	-76,71
4,38	-76,74
4,43	-76,71
4,48	-76,74
4,53	-76,71
4,58	-76,74
4,63	-76,77
4,68	-76,89
4,73	-76,98
4,78	-77,02
4,83	-76,98
4,88	-77,03
4,93	-76,99
4,98	-77,02
5,03	-76,99
5,08	-77,02
5,13	-77,00
5,18	-77,02
5,23	-76,99
5,28	-77,02
5,33	-76,99
5,38	-77,02
5,43	-76,99
5,48	-77,02
5,53	-76,99
5,58	-77,02
5,63	-76,99
5,68	-77,02
5,73	-76,99
5,78	-77,01
5,83	-76,99
5,88	-77,02
5,93	-76,99
5,98	-77,01
6,03	-77,00
6,08	-77,01
6,13	-77,00
6,18	-77,01
6,23	-77,00
6,28	-77,02
6,33	-76,99
6,38	-77,01
6,43	-76,99
6,48	-77,02
6,53	-77,00
6,58	-77,01
6,63	-76,99
6,68	-77,01
6,73	-77,00
6,78	-77,01
6,83	-76,99
6,88	-77,02
6,93	-77,00
6,98	-77,01
7,03	-76,98
7,08	-76,15
7,13	-73,43
7,18	-68,91
7,23	-62,75
7,28	-55,02
7,33	-45,88
7,38	-35,62
7,43	-24,48
7,48	-13,02
7,53	-1,37
7,58	10,12
7,63	21,19
7,68	31,52
7,73	41,09
7,78	49,49
7,83	56,71
7,88	62,48
7,93	66,67
7,98	69,11
8,03	69,89
8,08	68,91
8,13	66,11
8,18	61,65
8,23	55,75
8,28	48,54
8,33	40,30
8,38	31,13
8,43	21,38
8,48	11,10
8,53	0,55
8,58	-9,99
8,63	-20,30
8,68	-30,10
8,73	-39,13
8,78	-46,97
8,83	-53,53
8,88	-58,58
8,93	-62,11
8,98	-63,96
9,03	-64,28
9,08	-62,86
9,13	-59,76
9,18	-55,11
9,23	-49,14
9,28	-41,88
9,33	-33,62
9,38	-24,52
9,43	-15,11
9,48	-5,35
9,53	4,30
9,58	13,77
9,63	22,70
9,68	30,95
9,73	38,45
9,78	44,95
9,83	50,25
9,88	54,36
9,93	57,12
9,98	58,47
10,03	58,44
10,08	56,94
10,13	53,91
10,18	49,73
10,23	44,35
10,28	38,02
10,33	30,72
10,38	22,94
10,43	14,54
10,48	5,86
10,53	-2,98
10,58	-11,74
10,63	-20,20
10,68	-28,11
10,73	-35,38
10,78	-41,59
10,83	-46,69
10,88	-50,55
10,93	-53,06
10,98	-54,15
11,03	-54,06
11,08	-52,43
11,13	-49,50
11,18	-45,22
11,23	-39,92
11,28	-33,59
11,33	-26,49
11,38	-18,85
11,43	-10,94
11,48	-2,76
11,53	5,24
11,58	13,10
11,63	20,44
11,68	27,24
11,73	33,27
11,78	38,56
11,83	42,78
11,88	45,98
11,93	48,01
11,98	48,94
12,03	48,76
12,08	47,37
12,13	44,74
12,18	41,21
12,23	36,56
12,28	31,19
12,33	25,14
12,38	18,58
12,43	11,53
12,48	4,24
12,53	-3,13
12,58	-10,38
12,63	-17,45
12,68	-23,92
12,73	-29,94
12,78	-35,11
12,83	-39,36
12,88	-42,53
12,93	-44,64
12,98	-45,49
13,03	-45,44
13,08	-44,11
13,13	-41,65
13,18	-38,09
13,23	-33,70
13,28	-28,39
13,33	-22,57
13,38	-16,25
13,43	-9,67
13,48	-2,86
13,53	3,79
13,58	10,39
13,63	16,54
13,68	22,26
13,73	27,29
13,78	31,72
13,83	35,30
13,88	38,11
13,93	39,89
13,98	40,76
14,03	40,71
14,08	39,67
14,13	37,58
14,18	34,71
14,23	30,98
14,28	26,69
14,33	21,71
14,38	16,34
14,43	10,49
14,48	4,47
14,53	-1,67
14,58	-7,64
14,63	-13,58
14,68	-19,06
14,73	-24,06
14,78	-28,46
14,83	-32,19
14,88	-35,03
14,93	-36,96
14,98	-37,91
15,03	-38,09
15,08	-37,21
15,13	-35,44
15,18	-32,67
15,23	-29,19
15,28	-24,97
15,33	-20,33
15,38	-15,16
15,43	-9,78
15,48	-4,13
15,53	1,40
15,58	6,91
15,63	12,12
15,68	17,04
15,73	21,38
15,78	25,26
15,83	28,35
15,88	30,89
15,93	32,60
15,98	33,60
16,03	33,77
16,08	33,29
16,13	31,81
16,18	29,66
16,23	26,85
16,28	23,49
16,33	19,50
16,38	15,16
16,43	10,42
16,48	5,48
16,53	0,42
16,58	-4,57
16,63	-9,55
16,68	-14,20
16,73	-18,56
16,78	-22,31
16,83	-25,63
16,88	-28,23
16,93	-30,18
16,98	-31,30
17,03	-31,74
17,08	-31,43
17,13	-30,25
17,18	-28,28
17,23	-25,71
17,28	-22,45
17,33	-18,88
17,38	-14,72
17,43	-10,40
17,48	-5,75
17,53	-1,19
17,58	3,41
17,63	7,86
17,68	12,07
17,73	15,90
17,78	19,33
17,83	22,21
17,88	24,60
17,93	26,30
17,98	27,40
18,03	27,77
18,08	27,74
18,13	26,93
18,18	25,51
18,23	23,42
18,28	20,84
18,33	17,78
18,38	14,34
18,43	10,56
18,48	6,55
18,53	2,39
18,58	-1,75
18,63	-5,87
18,68	-9,85
18,73	-13,60
18,78	-16,94
18,83	-19,92
18,88	-22,27
18,93	-24,20
18,98	-25,46
19,03	-26,15
19,08	-26,22
19,13	-25,71
19,18	-24,42
19,23	-22,63
19,28	-20,31
19,33	-17,56
19,38	-14,32
19,43	-10,91
19,48	-7,13
19,53	-3,40
19,58	0,43
19,63	4,10
19,68	7,77
19,73	11,09
19,78	14,11
19,83	16,79
19,88	19,01
19,93	20,71
19,98	21,98
20,03	22,67
20,08	22,89
20,13	22,62
20,18	21,72
20,23	20,27
20,28	18,43
20,33	16,11
20,38	13,43
20,43	10,48
20,48	7,24
20,53	3,83
20,58	0,43
20,63	-3,03
20,68	-6,33
20,73	-9,58
20,78	-12,54
20,83	-15,18
20,88	-17,45
20,93	-19,29
20,98	-20,63
21,03	-21,43
21,08	-21,75
21,13	-21,69
21,18	-21,04
21,23	-19,89
21,28	-18,22
21,33	-16,12
21,38	-13,69
21,43	-10,99
21,48	-8,02
21,53	-4,94
21,58	-1,84
21,63	1,31
21,68	4,29
21,73	7,24
21,78	9,95
21,83	12,30
21,88	14,37
21,93	16,09
21,98	17,38
22,03	18,28
22,08	18,67
22,13	18,74
22,18	18,34
22,23	17,45
22,28	16,11
22,33	14,42
22,38	12,37
22,43	10,15
22,48	7,57
22,53	4,85
22,58	2,07
22,63	-0,76
22,68	-3,59
22,73	-6,23
22,78	-8,86
22,83	-11,21
22,88	-13,27
22,93	-14,98
22,98	-16,39
23,03	-17,36
23,08	-17,92
23,13	-18,08
23,18	-17,93
23,23	-17,17
23,28	-16,09
23,33	-14,57
23,38	-12,83
23,43	-10,74
23,48	-8,45
23,53	-5,94
23,58	-3,49
23,63	-0,89
23,68	1,64
23,73	4,08
23,78	6,41
23,83	8,61
23,88	10,48
23,93	12,07
23,98	13,34
24,03	14,34
24,08	14,92
24,13	15,18
24,18	15,14
24,23	14,73
24,28	13,85
24,33	12,71
24,38	11,23
24,43	9,57
24,48	7,56
24,53	5,44
24,58	3,19
24,63	0,95
24,68	-1,42
24,73	-3,65
24,78	-5,81
24,83	-7,85
24,88	-9,76
24,93	-11,36
24,98	-12,71
25,03	-13,68
25,08	-14,43
25,13	-14,75
25,18	-14,83
25,23	-14,60
25,28	-13,97
25,33	-12,95
25,38	-11,77
25,43	-10,18
25,48	-8,46
25,53	-6,51
25,58	-4,55
25,63	-2,48
25,68	-0,42
25,73	1,70
25,78	3,58
25,83	5,48
25,88	7,18
25,93	8,73
25,98	9,95
26,03	10,98
26,08	11,60
26,13	12,05
26,18	12,12
26,23	12,10
26,28	11,67
26,33	11,01
26,38	9,96
26,43	8,74
26,48	7,25
26,53	5,63
26,58	3,83
26,63	2,10
26,68	0,18
26,73	-1,65
26,78	-3,53
26,83	-5,18
26,88	-6,83
26,93	-8,26
26,98	-9,58
27,03	-10,58
27,08	-11,40
27,13	-11,89
27,18	-12,16
27,23	-12,14
27,28	-11,96
27,33	-11,32
27,38	-10,50
27,43	-9,37
27,48	-8,12
27,53	-6,65
27,58	-5,14
27,63	-3,53
27,68	-1,88
27,73	-0,16
27,78	1,46
27,83	3,06
27,88	4,46
27,93	5,86
27,98	7,01
28,03	8,03
28,08	8,78
28,13	9,34
28,18	9,60
28,23	9,71
28,28	9,62
28,33	9,27
28,38	8,57
28,43	7,74
28,48	6,65
28,53	5,47
28,58	4,09
28,63	2,79
28,68	1,28
28,73	-0,20
28,78	-1,74
28,83	-3,16
28,88	-4,53
28,93	-5,74
28,98	-6,91
29,03	-7,87
29,08	-8,70
29,13	-9,25
29,18	-9,66
29,23	-9,78
29,28	-9,84
29,33	-9,57
29,38	-9,10
29,43	-8,34
29,48	-7,48
29,53	-6,42
29,58	-5,30
29,63	-4,08
29,68	-2,82
29,73	-1,45
29,78	-0,15
29,83	1,20
29,88	2,43
29,93	3,57
29,98	4,57
30,03	5,53
30,08	6,27
30,13	6,89
30,18	7,25
30,23	7,50
30,28	7,53
30,33	7,50
30,38	7,11
30,43	6,60
30,48	5,84
30,53	5,03
30,58	4,01
30,63	3,05
30,68	1,91
30,73	0,76
30,78	-0,48
30,83	-1,62
30,88	-2,80
30,93	-3,86
30,98	-4,83
31,03	-5,65
31,08	-6,43
31,13	-6,99
31,18	-7,48
31,23	-7,71
31,28	-7,83
31,33	-7,83
31,38	-7,68
31,43	-7,21
31,48	-6,69
31,53	-5,92
31,58	-5,15
31,63	-4,27
31,68	-3,33
31,73	-2,26
31,78	-1,24
31,83	-0,16
31,88	0,84
31,93	1,85
31,98	2,74
32,03	3,52
32,08	4,17
32,13	4,79
32,18	5,21
32,23	5,54
32,28	5,65
32,33	5,71
32,38	5,65
32,43	5,42
32,48	4,93
32,53	4,40
32,58	3,68
32,63	3,03
32,68	2,17
32,73	1,32
32,78	0,36
32,83	-0,55
32,88	-1,50
32,93	-2,36
32,98	-3,23
33,03	-3,95
33,08	-4,62
33,13	-5,12
33,18	-5,60
33,23	-5,90
33,28	-6,14
33,33	-6,16
33,38	-6,21
33,43	-6,03
33,48	-5,72
33,53	-5,23
33,58	-4,74
33,63	-4,12
33,68	-3,44
33,73	-2,64
33,78	-1,87
33,83	-1,03
33,88	-0,23
33,93	0,58
33,98	1,31
34,03	2,05
34,08	2,64
34,13	3,18
34,18	3,53
34,23	3,86
34,28	4,06
34,33	4,16
34,38	4,20
34,43	4,18
34,48	3,93
34,53	3,62
34,58	3,20
34,63	2,72
34,68	2,13
34,73	1,48
34,78	0,78
34,83	0,07
34,88	-0,65
34,93	-1,35
34,98	-2,03
35,03	-2,65
35,08	-3,23
35,13	-3,74
35,18	-4,16
35,23	-4,46
35,28	-4,67
35,33	-4,79
35,38	-4,80
35,43	-4,80
35,48	-4,74
35,53	-4,52
35,58	-4,19
35,63	-3,76
35,68	-3,27
35,73	-2,72
35,78	-2,13
35,83	-1,51
35,88	-0,87
35,93	-0,28
35,98	0,34
36,03	0,91
36,08	1,45
36,13	1,89
36,18	2,30
36,23	2,62
36,28	2,86
36,33	2,98
36,38	3,06
36,43	3,07
36,48	3,06
36,53	2,88
36,58	2,63
36,63	2,26
36,68	1,86
36,73	1,39
36,78	0,91
36,83	0,35
36,88	-0,15
36,93	-0,71
36,98	-1,22
37,03	-1,76
37,08	-2,19
37,13	-2,63
37,18	-2,99
37,23	-3,33
37,28	-3,52
37,33	-3,73
37,38	-3,77
37,43	-3,80
37,48	-3,78
37,53	-3,77
37,58	-3,54
37,63	-3,29
37,68	-2,92
37,73	-2,59
37,78	-2,13
37,83	-1,72
37,88	-1,22
37,93	-0,79
37,98	-0,30
38,03	0,11
38,08	0,56
38,13	0,92
38,18	1,29
38,23	1,54
38,28	1,81
38,33	1,93
38,38	2,07
38,43	2,05
38,48	2,12
38,53	2,08
38,58	1,98
38,63	1,73
38,68	1,49
38,73	1,16
38,78	0,85
38,83	0,44
38,88	0,09
38,93	-0,35
38,98	-0,70
39,03	-1,11
39,08	-1,45
39,13	-1,83
39,18	-2,09
39,23	-2,40
39,28	-2,58
39,33	-2,77
39,38	-2,84
39,43	-2,92
39,48	-2,92
39,53	-2,95
39,58	-2,88
39,63	-2,77
39,68	-2,51
39,73	-2,30
39,78	-1,99
39,83	-1,72
39,88	-1,36
39,93	-1,06
39,98	-0,69
40,03	-0,40
40,08	-0,04
40,13	0,22
40,18	0,53
40,23	0,73
40,28	0,96
40,33	1,07
40,38	1,22
40,43	1,24
40,48	1,28
40,53	1,23
40,58	1,27
40,63	1,20
40,68	1,08
40,73	0,83
40,78	0,65
40,83	0,37
40,88	0,14
40,93	-0,17
40,98	-0,41
41,03	-0,73
41,08	-0,95
41,13	-1,25
41,18	-1,46
41,23	-1,69
41,28	-1,83
41,33	-2,01
41,38	-2,09
41,43	-2,18
41,48	-2,19
41,53	-2,22
41,58	-2,19
41,63	-2,23
41,68	-2,08
41,73	-1,97
41,78	-1,75
41,83	-1,60
41,88	-1,34
41,93	-1,15
41,98	-0,89
42,03	-0,68
42,08	-0,42
42,13	-0,25
42,18	-0,02
42,23	0,14
42,28	0,33
42,33	0,41
42,38	0,54
42,43	0,56
42,48	0,65
42,53	0,63
42,58	0,66
42,63	0,62
42,68	0,63
42,73	0,46
42,78	0,37
42,83	0,17
42,88	0,05
42,93	-0,17
42,98	-0,33
43,03	-0,54
43,08	-0,68
43,13	-0,90
43,18	-1,02
43,23	-1,21
43,28	-1,31
43,33	-1,45
43,38	-1,50
43,43	-1,60
43,48	-1,58
43,53	-1,62
43,58	-1,59
43,63	-1,62
43,68	-1,58
43,73	-1,61
43,78	-1,45
43,83	-1,38
43,88	-1,20
43,93	-1,10
43,98	-0,93
44,03	-0,81
44,08	-0,62
44,13	-0,52
44,18	-0,37
44,23	-0,27
44,28	-0,13
44,33	-0,08
44,38	0,04
44,43	0,06
44,48	0,11
44,53	0,07
44,58	0,11
44,63	0,07
44,68	0,11
44,73	0,07
44,78	0,08
44,83	-0,06
44,88	-0,11
44,93	-0,26
44,98	-0,34
45,03	-0,48
45,08	-0,54
45,13	-0,68
45,18	-0,74
45,23	-0,87
45,28	-0,92
45,33	-1,04
45,38	-1,04
45,43	-1,13
45,48	-1,10
45,53	-1,18
45,58	-1,15
45,63	-1,18
45,68	-1,15
45,73	-1,19
45,78	-1,15
45,83	-1,14
45,88	-1,02
45,93	-0,97
45,98	-0,88
46,03	-0,82
46,08	-0,71
46,13	-0,66
46,18	-0,58
46,23	-0,53
46,28	-0,43
46,33	-0,42
46,38	-0,35
46,43	-0,35
46,48	-0,32
46,53	-0,29
46,58	-0,26
46,63	-0,29
46,68	-0,27
46,73	-0,29
46,78	-0,27
46,83	-0,29
46,88	-0,30
46,93	-0,36
46,98	-0,39
47,03	-0,46
47,08	-0,49
47,13	-0,55
47,18	-0,58
47,23	-0,64
47,28	-0,66
47,33	-0,69
47,38	-0,75
47,43	-0,75
47,48	-0,75
47,53	-0,75
47,58	-0,76
47,63	-0,81
47,68	-0,81
47,73	-0,81
47,78	-0,82
47,83	-0,81
47,88	-0,82
47,93	-0,81
47,98	-0,82
48,03	-0,75
48,08	-0,76
48,13	-0,69
48,18	-0,69
48,23	-0,65
48,28	-0,64
48,33	-0,63
48,38	-0,65
48,43	-0,62
48,48	-0,61
48,53	-0,58
48,58	-0,59
48,63	-0,57
48,68	-0,59
48,73	-0,57
48,78	-0,59
48,83	-0,57
48,88	-0,59
48,93	-0,57
48,98	-0,59
49,03	-0,58
49,08	-0,59
49,13	-0,58
49,18	-0,60
49,23	-0,57
49,28	-0,60
49,33	-0,56
49,38	-0,59
49,43	-0,57
49,48	-0,59
49,53	-0,56
49,58	-0,59
49,63	-0,56
49,68	-0,60
49,73	-0,57
49,78	-0,59
49,83	-0,57
49,88	-0,59
49,93	-0,56
49,98	-0,60
50,03	-0,56
50,08	-0,60
50,13	-0,56
50,18	-0,60
50,23	-0,57
50,28	-0,59
50,33	-0,56
50,38	-0,60
50,43	-0,56
50,48	-0,59
50,53	-0,57
50,58	-0,61
50,63	-0,57
50,68	-0,60
50,73	-0,56
50,78	-0,60
50,83	-0,56
50,88	-0,60
50,93	-0,56
50,98	-0,60
51,03	-0,56
51,08	-0,60
51,13	-0,57
51,18	-0,60
51,23	-0,56
51,28	-0,59
51,33	-0,57
51,38	-0,59
51,43	-0,56
51,48	-0,61
51,53	-0,56
51,58	-0,60
51,63	-0,56
51,68	-0,60
51,73	-0,56
51,78	-0,60
51,83	-0,56
51,88	-0,59
51,93	-0,56
51,98	-0,59
52,03	-0,57
52,08	-0,60
52,13	-0,56
52,18	-0,60
52,23	-0,56
52,28	-0,60
52,33	-0,56
52,38	-0,61
52,43	-0,55
52,48	-0,60
52,53	-0,56
52,58	-0,60
52,63	-0,57
