t / s	&j / arb.u.
0,03	-0,63
0,08	-0,62
0,13	-0,62
0,18	-0,62
0,23	-0,62
0,28	-0,62
0,33	-0,62
0,38	-0,61
0,43	-0,63
0,48	-0,62
0,53	-0,63
0,58	-0,61
0,63	-0,63
0,68	-0,61
0,73	-0,62
0,78	-0,61
0,83	-0,65
0,88	-1,22
0,93	-2,67
0,98	-5,03
1,03	-8,47
1,08	-12,49
1,13	-16,95
1,18	-21,76
1,23	-26,85
1,28	-32,31
1,33	-37,70
1,38	-42,45
1,43	-46,97
1,48	-51,53
1,53	-55,87
1,58	-59,57
1,63	-62,95
1,68	-65,94
1,73	-68,60
1,78	-71,02
1,83	-73,59
1,88	-75,20
1,93	-75,46
1,98	-75,43
2,03	-75,46
2,08	-75,43
2,13	-75,46
2,18	-75,43
2,23	-75,46
2,28	-75,43
2,33	-75,46
2,38	-75,45
2,43	-75,56
2,48	-75,78
2,53	-75,98
2,58	-75,97
2,63	-76,00
2,68	-75,97
2,73	-76,27
2,78	-76,66
2,83	-76,95
2,88	-76,93
2,93	-76,97
2,98	-76,93
3,03	-76,97
3,08	-76,62
3,13	-75,04
3,18	-71,72
3,23	-67,22
3,28	-61,65
3,33	-55,38
3,38	-48,55
3,43	-41,56
3,48	-34,49
3,53	-27,63
3,58	-21,06
3,63	-15,01
3,68	-9,33
3,73	-4,32
3,78	0,09
3,83	3,75
3,88	6,90
3,93	9,40
3,98	11,36
4,03	12,70
4,08	13,67
4,13	14,13
4,18	14,30
4,23	14,17
4,28	13,70
4,33	12,90
4,38	12,01
4,43	10,93
4,48	9,77
4,53	8,47
4,58	7,20
4,63	5,87
4,68	4,65
4,73	3,45
4,78	2,46
4,83	1,43
4,88	0,57
4,93	-0,26
4,98	-0,89
5,03	-1,50
5,08	-1,92
5,13	-2,31
5,18	-2,55
5,23	-2,77
5,28	-2,84
5,33	-2,94
5,38	-2,90
5,43	-2,93
5,48	-2,86
5,53	-2,76
5,58	-2,57
5,63	-2,42
5,68	-2,19
5,73	-2,04
5,78	-1,81
5,83	-1,67
5,88	-1,45
5,93	-1,31
5,98	-1,13
6,03	-1,01
6,08	-0,85
6,13	-0,78
6,18	-0,65
6,23	-0,62
6,28	-0,52
6,33	-0,51
6,38	-0,42
6,43	-0,46
6,48	-0,42
6,53	-0,46
6,58	-0,42
6,63	-0,46
6,68	-0,42
6,73	-0,46
6,78	-0,43
6,83	-0,46
6,88	-0,42
6,93	-0,46
6,98	-0,42
7,03	-0,46
7,08	-0,42
7,13	-0,46
7,18	-0,42
7,23	-0,46
7,28	-0,42
7,33	-0,46
7,38	-0,42
7,43	-0,49
7,48	-0,49
7,53	-0,52
7,58	-0,49
7,63	-0,53
7,68	-0,49
7,73	-0,52
7,78	-0,49
7,83	-0,52
7,88	-0,48
7,93	-0,52
7,98	-0,49
8,03	-0,52
8,08	-0,49
8,13	-0,52
8,18	-0,49
8,23	-0,52
8,28	-0,49
8,33	-0,53
8,38	-0,49
8,43	-0,52
8,48	-0,49
8,53	-0,52
8,58	-0,48
8,63	-0,52
8,68	-0,50
8,73	-0,52
8,78	-0,49
8,83	-0,52
8,88	-0,49
8,93	-0,52
8,98	-0,49
9,03	-0,52
9,08	-0,49
9,13	-0,53
9,18	-0,49
9,23	-0,52
9,28	-0,49
9,33	-0,52
9,38	-0,50
9,43	-0,52
9,48	-0,49
9,53	-0,52
9,58	-0,49
9,63	-0,52
9,68	-0,49
9,73	-0,52
9,78	-0,49
9,83	-0,52
9,88	-0,49
9,93	-0,51
9,98	-0,49
