t / s	&j / arb.u.
0,03	-0,64
0,08	-0,60
0,13	-0,64
0,18	-0,60
0,23	-0,64
0,28	-0,61
0,33	-0,65
0,38	-0,60
0,43	-0,64
0,48	-0,61
0,53	-0,63
0,58	-0,61
0,63	-0,64
0,68	-0,61
0,73	-0,71
0,78	-1,18
0,83	-2,00
0,88	-2,79
0,93	-3,75
0,98	-5,25
1,03	-7,85
1,08	-10,92
1,13	-14,54
1,18	-18,48
1,23	-22,61
1,28	-26,93
1,33	-31,47
1,38	-36,04
1,43	-40,58
1,48	-45,10
1,53	-49,42
1,58	-53,71
1,63	-58,05
1,68	-61,81
1,73	-64,94
1,78	-66,97
1,83	-68,26
1,88	-69,46
1,93	-71,61
1,98	-74,85
2,03	-77,74
2,08	-79,03
2,13	-79,13
2,18	-79,10
2,23	-78,89
2,28	-78,14
2,33	-77,07
2,38	-76,19
2,43	-75,78
2,48	-75,68
2,53	-75,82
2,58	-76,09
2,63	-76,27
2,68	-76,27
2,73	-76,33
2,78	-76,50
2,83	-76,68
2,88	-76,72
2,93	-76,73
2,98	-76,77
3,03	-76,89
3,08	-77,01
3,13	-77,07
3,18	-77,11
3,23	-77,13
3,28	-77,14
3,33	-77,13
3,38	-77,14
3,43	-77,06
3,48	-77,06
3,53	-77,06
3,58	-77,06
3,63	-77,06
3,68	-77,06
3,73	-77,05
3,78	-77,06
3,83	-77,05
3,88	-76,89
3,93	-75,69
3,98	-72,63
4,03	-67,84
4,08	-61,60
4,13	-54,01
4,18	-45,38
4,23	-35,89
4,28	-25,90
4,33	-15,84
4,38	-5,84
4,43	3,79
4,48	12,86
4,53	21,22
4,58	28,59
4,63	35,08
4,68	40,45
4,73	44,58
4,78	47,48
4,83	49,18
4,88	49,64
4,93	49,07
4,98	47,16
5,03	44,29
5,08	40,51
5,13	35,91
5,18	30,66
5,23	25,07
5,28	19,02
5,33	12,79
5,38	6,43
5,43	0,25
5,48	-5,75
5,53	-11,40
5,58	-16,58
5,63	-21,08
5,68	-25,00
5,73	-28,12
5,78	-30,51
5,83	-31,99
5,88	-32,67
5,93	-32,60
5,98	-31,73
6,03	-29,96
6,08	-27,67
6,13	-24,70
6,18	-21,40
6,23	-17,68
6,28	-13,75
6,33	-9,61
6,38	-5,49
6,43	-1,44
6,48	2,40
6,53	6,05
6,58	9,38
6,63	12,28
6,68	14,77
6,73	16,86
6,78	18,38
6,83	19,44
6,88	19,93
6,93	20,10
6,98	19,76
7,03	18,99
7,08	17,70
7,13	16,12
7,18	14,15
7,23	12,00
7,28	9,64
7,33	7,15
7,38	4,49
7,43	2,01
7,48	-0,55
7,53	-2,92
7,58	-5,16
7,63	-7,15
7,68	-9,01
7,73	-10,52
7,78	-11,80
7,83	-12,62
7,88	-13,21
7,93	-13,42
7,98	-13,48
8,03	-13,16
8,08	-12,57
8,13	-11,65
8,18	-10,55
8,23	-9,17
8,28	-7,73
8,33	-6,13
8,38	-4,59
8,43	-2,98
8,48	-1,40
8,53	0,16
8,58	1,57
8,63	2,92
8,68	4,00
8,73	5,05
8,78	5,87
8,83	6,56
8,88	6,97
8,93	7,26
8,98	7,30
9,03	7,32
9,08	7,03
9,13	6,59
9,18	5,94
9,23	5,23
9,28	4,35
9,33	3,51
9,38	2,58
9,43	1,65
9,48	0,63
9,53	-0,30
9,58	-1,24
9,63	-2,08
9,68	-2,89
9,73	-3,54
9,78	-4,16
9,83	-4,57
9,88	-4,91
9,93	-5,11
9,98	-5,27
10,03	-5,25
10,08	-5,28
10,13	-5,08
10,18	-4,81
10,23	-4,44
10,28	-4,03
10,33	-3,48
10,38	-2,97
10,43	-2,36
10,48	-1,81
10,53	-1,20
10,58	-0,67
10,63	-0,11
10,68	0,36
10,73	0,84
10,78	1,20
10,83	1,54
10,88	1,78
10,93	1,99
10,98	2,08
11,03	2,12
11,08	2,11
11,13	2,12
11,18	2,05
11,23	1,86
11,28	1,62
11,33	1,37
11,38	1,05
11,43	0,71
11,48	0,37
11,53	0,03
11,58	-0,31
11,63	-0,61
11,68	-0,92
11,73	-1,20
11,78	-1,45
11,83	-1,67
11,88	-1,84
11,93	-1,98
11,98	-2,07
12,03	-2,12
12,08	-2,13
12,13	-2,14
12,18	-2,14
12,23	-2,13
12,28	-2,00
12,33	-1,86
12,38	-1,69
12,43	-1,53
12,48	-1,33
12,53	-1,14
12,58	-0,94
12,63	-0,78
12,68	-0,59
12,73	-0,46
12,78	-0,30
12,83	-0,18
12,88	-0,04
12,93	0,02
12,98	0,10
13,03	0,09
13,08	0,17
13,13	0,15
13,18	0,18
13,23	0,15
13,28	0,18
13,33	0,12
13,38	0,07
13,43	-0,04
13,48	-0,10
13,53	-0,23
13,58	-0,29
13,63	-0,42
13,68	-0,47
13,73	-0,60
13,78	-0,63
13,83	-0,73
13,88	-0,76
13,93	-0,85
13,98	-0,84
14,03	-0,92
14,08	-0,90
14,13	-0,94
14,18	-0,90
14,23	-0,94
14,28	-0,90
14,33	-0,94
14,38	-0,90
14,43	-0,94
14,48	-0,89
14,53	-0,89
14,58	-0,81
14,63	-0,82
14,68	-0,72
14,73	-0,72
14,78	-0,66
14,83	-0,67
14,88	-0,60
14,93	-0,64
14,98	-0,59
15,03	-0,58
15,08	-0,55
15,13	-0,59
15,18	-0,55
15,23	-0,59
15,28	-0,55
15,33	-0,59
15,38	-0,55
15,43	-0,58
15,48	-0,56
15,53	-0,58
15,58	-0,55
15,63	-0,59
15,68	-0,55
15,73	-0,58
15,78	-0,54
15,83	-0,58
15,88	-0,55
15,93	-0,59
15,98	-0,56
16,03	-0,58
16,08	-0,54
16,13	-0,59
16,18	-0,54
16,23	-0,59
16,28	-0,55
16,33	-0,59
16,38	-0,55
16,43	-0,59
16,48	-0,55
16,53	-0,59
16,58	-0,55
16,63	-0,58
16,68	-0,55
16,73	-0,59
16,78	-0,54
16,83	-0,58
16,88	-0,55
16,93	-0,59
16,98	-0,56
17,03	-0,58
17,08	-0,55
17,13	-0,58
17,18	-0,55
17,23	-0,59
17,28	-0,55
17,33	-0,58
17,38	-0,55
17,43	-0,59
17,48	-0,55
