t / s	&j / arb.u.
0,03	-0,55
0,08	-0,58
0,13	-0,55
0,18	-0,59
0,23	-0,55
0,28	-0,58
0,33	-0,54
0,38	-0,58
0,43	-0,56
0,48	-0,58
0,53	-0,55
0,58	-0,58
0,63	-0,54
0,68	-0,59
0,73	-0,55
0,78	-0,59
0,83	-0,54
0,88	-0,59
0,93	-0,55
0,98	-0,58
1,03	-0,56
1,08	-0,58
1,13	-0,55
1,18	-0,58
1,23	-0,55
1,28	-0,58
1,33	-0,55
1,38	-0,58
1,43	-0,55
1,48	-0,59
1,53	-0,56
1,58	-0,59
1,63	-0,55
1,68	-0,58
1,73	-0,55
1,78	-0,58
1,83	-0,55
1,88	-0,58
1,93	-0,55
1,98	-0,59
2,03	-0,55
2,08	-1,14
2,13	-4,40
2,18	-8,75
2,23	-12,99
2,28	-17,93
2,33	-23,26
2,38	-28,62
2,43	-34,41
2,48	-39,94
2,53	-45,03
2,58	-49,95
2,63	-54,66
2,68	-58,67
2,73	-61,50
2,78	-64,10
2,83	-66,47
2,88	-68,12
2,93	-68,90
2,98	-69,62
3,03	-70,54
3,08	-71,84
3,13	-73,40
3,18	-74,87
3,23	-75,79
3,28	-76,22
3,33	-76,20
3,38	-76,33
3,43	-76,51
3,48	-76,72
3,53	-76,92
3,58	-76,96
3,63	-76,93
3,68	-76,96
3,73	-76,93
3,78	-76,97
3,83	-76,74
3,88	-74,91
3,93	-71,08
3,98	-65,82
4,03	-59,09
4,08	-51,32
4,13	-42,55
4,18	-33,26
4,23	-23,59
4,28	-14,08
4,33	-4,66
4,38	4,16
4,43	12,45
4,48	19,87
4,53	26,43
4,58	31,96
4,63	36,52
4,68	39,93
4,73	42,28
4,78	43,36
4,83	43,56
4,88	42,77
4,93	40,94
4,98	38,19
5,03	34,78
5,08	30,73
5,13	26,30
5,18	21,43
5,23	16,37
5,28	11,12
5,33	5,88
5,38	0,77
5,43	-4,02
5,48	-8,56
5,53	-12,64
5,58	-16,23
5,63	-19,25
5,68	-21,62
5,73	-23,36
5,78	-24,53
5,83	-25,00
5,88	-25,04
5,93	-24,31
5,98	-23,08
6,03	-21,33
6,08	-19,30
6,13	-16,78
6,18	-14,10
6,23	-11,23
6,28	-8,23
6,33	-5,22
6,38	-2,40
6,43	0,40
6,48	2,92
6,53	5,26
6,58	7,34
6,63	9,16
6,68	10,59
6,73	11,68
6,78	12,41
6,83	12,86
6,88	12,92
6,93	12,90
6,98	12,40
7,03	11,66
7,08	10,67
7,13	9,49
7,18	8,08
7,23	6,60
7,28	4,98
7,33	3,42
7,38	1,84
7,43	0,31
7,48	-1,20
7,53	-2,56
7,58	-3,83
7,63	-4,86
7,68	-5,80
7,73	-6,53
7,78	-7,13
7,83	-7,49
7,88	-7,72
7,93	-7,77
7,98	-7,74
8,03	-7,44
8,08	-7,00
8,13	-6,41
8,18	-5,76
8,23	-4,99
8,28	-4,28
8,33	-3,45
8,38	-2,62
8,43	-1,79
8,48	-0,98
8,53	-0,23
8,58	0,48
8,63	1,13
8,68	1,66
8,73	2,13
8,78	2,49
8,83	2,76
8,88	2,93
8,93	3,02
8,98	3,02
9,03	3,02
9,08	2,92
9,13	2,69
9,18	2,39
9,23	2,05
9,28	1,69
9,33	1,27
9,38	0,87
9,43	0,42
9,48	0,01
9,53	-0,40
9,58	-0,75
9,63	-1,12
9,68	-1,42
9,73	-1,70
9,78	-1,91
9,83	-2,11
9,88	-2,23
9,93	-2,33
9,98	-2,37
10,03	-2,39
10,08	-2,37
10,13	-2,38
10,18	-2,25
10,23	-2,13
10,28	-1,93
10,33	-1,76
10,38	-1,55
10,43	-1,37
10,48	-1,12
10,53	-0,95
10,58	-0,74
10,63	-0,58
10,68	-0,41
10,73	-0,29
10,78	-0,13
10,83	-0,07
10,88	0,04
10,93	0,08
10,98	0,12
11,03	0,09
11,08	0,12
11,13	0,09
11,18	0,12
11,23	0,08
11,28	0,12
11,33	0,01
11,38	-0,04
11,43	-0,16
11,48	-0,21
11,53	-0,33
11,58	-0,38
11,63	-0,50
11,68	-0,54
11,73	-0,64
11,78	-0,66
11,83	-0,75
11,88	-0,74
11,93	-0,82
11,98	-0,79
12,03	-0,88
12,08	-0,84
12,13	-0,88
12,18	-0,84
12,23	-0,87
12,28	-0,84
12,33	-0,87
12,38	-0,85
12,43	-0,88
12,48	-0,82
12,53	-0,83
12,58	-0,76
12,63	-0,75
12,68	-0,72
12,73	-0,72
12,78	-0,66
12,83	-0,69
12,88	-0,66
12,93	-0,66
12,98	-0,60
13,03	-0,64
13,08	-0,60
13,13	-0,64
13,18	-0,61
13,23	-0,64
13,28	-0,60
13,33	-0,64
13,38	-0,60
13,43	-0,64
13,48	-0,61
13,53	-0,63
13,58	-0,60
13,63	-0,64
13,68	-0,60
13,73	-0,64
13,78	-0,60
13,83	-0,64
13,88	-0,60
13,93	-0,64
13,98	-0,60
14,03	-0,64
14,08	-0,61
14,13	-0,64
14,18	-0,61
14,23	-0,64
14,28	-0,60
14,33	-0,64
14,38	-0,61
14,43	-0,64
14,48	-0,61
14,53	-0,64
14,58	-0,60
14,63	-0,65
14,68	-0,61
14,73	-0,64
14,78	-0,61
14,83	-0,64
14,88	-0,60
14,93	-0,64
14,98	-0,60
15,03	-0,64
15,08	-0,60
15,13	-0,64
15,18	-0,60
15,23	-0,64
15,28	-0,61
15,33	-0,64
15,38	-0,61
15,43	-0,64
15,48	-0,61
15,53	-0,64
15,58	-0,60
15,63	-0,64
15,68	-0,60
15,73	-0,64
15,78	-0,61
15,83	-0,64
15,88	-0,61
15,93	-0,63
