t / s	&j / arb.u.
0,03	-0,61
0,08	-0,64
0,13	-0,61
0,18	-0,63
0,23	-0,61
0,28	-0,63
0,33	-0,61
0,38	-0,63
0,43	-0,61
0,48	-0,63
0,53	-0,61
0,58	-0,63
0,63	-0,60
0,68	-0,64
0,73	-0,61
0,78	-0,63
0,83	-0,61
0,88	-0,63
0,93	-0,61
0,98	-0,63
1,03	-0,62
1,08	-0,79
1,13	-1,87
1,18	-3,83
1,23	-6,52
1,28	-9,97
1,33	-14,16
1,38	-18,50
1,43	-22,62
1,48	-27,29
1,53	-31,85
1,58	-36,47
1,63	-41,10
1,68	-45,54
1,73	-49,86
1,78	-53,87
1,83	-57,67
1,88	-60,85
1,93	-63,39
1,98	-65,42
2,03	-67,19
2,08	-68,87
2,13	-70,92
2,18	-72,88
2,23	-74,37
2,28	-75,30
2,33	-75,87
2,38	-75,92
2,43	-75,94
2,48	-75,92
2,53	-75,94
2,58	-75,91
2,63	-75,96
2,68	-76,03
2,73	-76,21
2,78	-76,27
2,83	-76,28
2,88	-76,29
2,93	-76,36
2,98	-76,33
3,03	-76,36
3,08	-76,39
3,13	-76,48
3,18	-76,55
3,23	-76,57
3,28	-76,54
3,33	-76,57
3,38	-76,54
3,43	-76,42
3,48	-74,69
3,53	-71,18
3,58	-66,14
3,63	-59,83
3,68	-52,39
3,73	-44,17
3,78	-35,32
3,83	-26,29
3,88	-17,28
3,93	-8,54
3,98	-0,23
4,03	7,42
4,08	14,40
4,13	20,47
4,18	25,69
4,23	29,86
4,28	33,20
4,33	35,42
4,38	36,77
4,43	37,15
4,48	36,81
4,53	35,44
4,58	33,44
4,63	30,78
4,68	27,64
4,73	24,11
4,78	20,25
4,83	16,11
4,88	11,94
4,93	7,67
4,98	3,55
5,03	-0,38
5,08	-3,98
5,13	-7,32
5,18	-10,28
5,23	-12,82
5,28	-14,82
5,33	-16,47
5,38	-17,54
5,43	-18,22
5,48	-18,36
5,53	-18,27
5,58	-17,58
5,63	-16,60
5,68	-15,22
5,73	-13,67
5,78	-11,91
5,83	-9,98
5,88	-7,91
5,93	-5,90
5,98	-3,91
6,03	-2,06
6,08	-0,20
6,13	1,44
6,18	2,95
6,23	4,17
6,28	5,30
6,33	6,16
6,38	6,87
6,43	7,27
6,48	7,54
6,53	7,56
6,58	7,56
6,63	7,21
6,68	6,77
6,73	6,10
6,78	5,41
6,83	4,55
6,88	3,73
6,93	2,89
6,98	2,01
7,03	1,11
7,08	0,26
7,13	-0,58
7,18	-1,29
7,23	-2,00
7,28	-2,54
7,33	-3,09
7,38	-3,45
7,43	-3,80
7,48	-3,97
7,53	-4,11
7,58	-4,10
7,63	-4,15
7,68	-4,07
7,73	-3,90
7,78	-3,60
7,83	-3,32
7,88	-2,95
7,93	-2,62
7,98	-2,20
8,03	-1,85
8,08	-1,45
8,13	-1,09
8,18	-0,72
8,23	-0,44
8,28	-0,11
8,33	0,12
8,38	0,34
8,43	0,50
8,48	0,65
8,53	0,72
8,58	0,80
8,63	0,76
8,68	0,80
8,73	0,76
8,78	0,81
8,83	0,69
8,88	0,60
8,93	0,44
8,98	0,31
9,03	0,13
9,08	0,00
9,13	-0,18
9,18	-0,30
9,23	-0,47
9,28	-0,56
9,33	-0,71
9,38	-0,77
9,43	-0,90
9,48	-0,92
9,53	-1,02
9,58	-1,03
9,63	-1,06
9,68	-1,04
9,73	-1,06
9,78	-1,02
9,83	-1,06
9,88	-1,04
9,93	-1,05
9,98	-1,02
10,03	-0,98
10,08	-0,89
10,13	-0,88
10,18	-0,80
10,23	-0,77
10,28	-0,70
10,33	-0,69
10,38	-0,61
10,43	-0,62
10,48	-0,57
10,53	-0,58
10,58	-0,56
10,63	-0,55
10,68	-0,50
10,73	-0,51
10,78	-0,49
10,83	-0,50
10,88	-0,51
10,93	-0,51
10,98	-0,51
11,03	-0,51
11,08	-0,50
11,13	-0,51
11,18	-0,52
11,23	-0,51
11,28	-0,51
11,33	-0,50
11,38	-0,50
11,43	-0,52
11,48	-0,51
11,53	-0,50
11,58	-0,51
11,63	-0,50
11,68	-0,51
11,73	-0,51
11,78	-0,51
11,83	-0,50
11,88	-0,50
11,93	-0,49
11,98	-0,51
12,03	-0,50
12,08	-0,51
12,13	-0,50
12,18	-0,51
12,23	-0,51
12,28	-0,51
12,33	-0,49
12,38	-0,52
12,43	-0,50
12,48	-0,51
12,53	-0,51
12,58	-0,53
12,63	-0,49
12,68	-0,52
12,73	-0,49
12,78	-0,53
12,83	-0,49
12,88	-0,52
12,93	-0,49
12,98	-0,51
13,03	-0,48
13,08	-0,52
13,13	-0,49
13,18	-0,52
13,23	-0,49
13,28	-0,52
13,33	-0,50
13,38	-0,53
13,43	-0,49
13,48	-0,52
13,53	-0,48
13,58	-0,52
13,63	-0,48
13,68	-0,54
13,73	-0,49
13,78	-0,52
13,83	-0,49
13,88	-0,53
13,93	-0,49
13,98	-0,52
14,03	-0,48
14,08	-0,53
14,13	-0,48
14,18	-0,53
14,23	-0,49
14,28	-0,53
14,33	-0,48
14,38	-0,53
14,43	-0,48
14,48	-0,53
14,53	-0,49
14,58	-0,52
14,63	-0,48
14,68	-0,52
14,73	-0,48
14,78	-0,53
14,83	-0,49
