t / s	U_A1 / V	U_B1 / V
0,0	2,076	0,338
0,1	2,027	0,299
0,2	1,997	0,266
0,3	1,986	0,258
0,4	1,995	0,269
0,5	2,022	0,294
0,6	2,069	0,335
0,7	2,127	0,384
0,8	2,189	0,441
0,9	2,250	0,501
1,0	2,307	0,548
1,1	2,352	0,590
1,2	2,378	0,612
1,3	2,384	0,623
1,4	2,369	0,611
1,5	2,336	0,581
1,6	2,289	0,536
1,7	2,229	0,483
1,8	2,165	0,422
1,9	2,102	0,363
2,0	2,049	0,314
2,1	2,012	0,279
2,2	1,992	0,258
2,3	1,992	0,254
2,4	2,012	0,269
2,5	2,048	0,300
2,6	2,100	0,347
2,7	2,160	0,402
2,8	2,225	0,461
2,9	2,283	0,522
3,0	2,333	0,573
3,1	2,363	0,606
3,2	2,381	0,626
3,3	2,373	0,621
3,4	2,351	0,600
3,5	2,312	0,566
3,6	2,258	0,516
3,7	2,198	0,455
3,8	2,133	0,392
3,9	2,078	0,339
4,0	2,031	0,291
4,1	2,006	0,258
4,2	1,998	0,245
4,3	2,007	0,251
4,4	2,033	0,275
4,5	2,076	0,318
4,6	2,129	0,374
4,7	2,187	0,435
4,8	2,249	0,498
4,9	2,301	0,552
5,0	2,340	0,597
5,1	2,363	0,620
5,2	2,373	0,632
5,3	2,363	0,621
5,4	2,333	0,590
5,5	2,286	0,543
5,6	2,229	0,486
5,7	2,168	0,423
5,8	2,112	0,362
5,9	2,060	0,306
6,0	2,027	0,270
6,1	2,006	0,243
6,2	2,003	0,242
6,3	2,019	0,261
6,4	2,051	0,291
6,5	2,099	0,344
6,6	2,156	0,402
6,7	2,211	0,470
6,8	2,267	0,531
6,9	2,315	0,581
7,0	2,348	0,620
7,1	2,363	0,641
7,2	2,360	0,633
7,3	2,340	0,609
7,4	2,307	0,570
7,5	2,258	0,513
7,6	2,204	0,452
7,7	2,147	0,390
7,8	2,094	0,329
7,9	2,049	0,281
8,0	2,016	0,249
8,1	2,004	0,240
8,2	2,009	0,249
8,3	2,034	0,275
8,4	2,069	0,318
8,5	2,124	0,377
8,6	2,175	0,440
8,7	2,234	0,500
8,8	2,285	0,560
8,9	2,325	0,606
9,0	2,354	0,630
9,1	2,363	0,638
9,2	2,358	0,624
9,3	2,333	0,590
9,4	2,292	0,537
9,5	2,238	0,482
9,6	2,184	0,417
9,7	2,127	0,351
9,8	2,075	0,302
9,9	2,034	0,263
10,0	2,010	0,240
10,1	2,003	0,237
10,2	2,015	0,261
10,3	2,040	0,299
10,4	2,084	0,353
10,5	2,138	0,411
10,6	2,196	0,476
10,7	2,253	0,534
10,8	2,306	0,584
10,9	2,340	0,620
11,0	2,364	0,636
11,1	2,370	0,626
11,2	2,357	0,599
11,3	2,322	0,558
11,4	2,279	0,504
11,5	2,223	0,441
11,6	2,162	0,381
11,7	2,105	0,326
11,8	2,055	0,276
11,9	2,019	0,248
12,0	2,000	0,239
12,1	2,001	0,249
12,2	2,019	0,282
12,3	2,055	0,329
12,4	2,102	0,384
12,5	2,160	0,444
12,6	2,220	0,504
12,7	2,280	0,557
12,8	2,327	0,597
12,9	2,358	0,623
13,0	2,373	0,624
13,1	2,373	0,608
13,2	2,348	0,576
13,3	2,304	0,530
13,4	2,253	0,471
13,5	2,193	0,413
13,6	2,132	0,354
13,7	2,076	0,308
13,8	2,031	0,273
13,9	2,003	0,252
14,0	1,992	0,255
14,1	2,001	0,269
14,2	2,030	0,303
14,3	2,072	0,356
14,4	2,127	0,411
14,5	2,187	0,471
14,6	2,250	0,527
14,7	2,307	0,575
14,8	2,349	0,605
14,9	2,373	0,620
15,0	2,382	0,615
15,1	2,369	0,594
15,2	2,334	0,555
15,3	2,288	0,506
15,4	2,226	0,446
15,5	2,163	0,386
15,6	2,102	0,333
15,7	2,045	0,293
15,8	2,012	0,264
15,9	1,988	0,255
16,0	1,988	0,263
16,1	2,007	0,288
16,2	2,046	0,326
16,3	2,099	0,380
16,4	2,154	0,438
16,5	2,220	0,492
16,6	2,282	0,546
16,7	2,331	0,587
16,8	2,367	0,605
16,9	2,387	0,614
17,0	2,381	0,605
17,1	2,354	0,575
17,2	2,310	0,530
17,3	2,255	0,479
17,4	2,192	0,426
17,5	2,127	0,371
17,6	2,069	0,323
17,7	2,022	0,282
17,8	1,994	0,261
17,9	1,986	0,260
18,0	1,992	0,273
18,1	2,024	0,302
18,2	2,070	0,350
18,3	2,127	0,402
18,4	2,193	0,461
18,5	2,256	0,512
18,6	2,316	0,560
18,7	2,360	0,593
18,8	2,382	0,612
18,9	2,384	0,611
19,0	2,372	0,594
19,1	2,339	0,561
19,2	2,285	0,513
19,3	2,220	0,458
19,4	2,157	0,405
19,5	2,091	0,351
19,6	2,042	0,305
19,7	2,006	0,270
19,8	1,986	0,255
19,9	1,989	0,261
20,0	2,007	0,285
20,1	2,049	0,315
20,2	2,105	0,366
20,3	2,168	0,419
20,4	2,228	0,477
20,5	2,291	0,531
20,6	2,334	0,575
20,7	2,367	0,600
20,8	2,384	0,617
20,9	2,373	0,609
21,0	2,345	0,587
21,1	2,301	0,548
21,2	2,244	0,500
21,3	2,184	0,441
21,4	2,124	0,381
21,5	2,066	0,327
21,6	2,019	0,288
21,7	1,994	0,261
21,8	1,985	0,254
21,9	2,001	0,261
22,0	2,030	0,293
22,1	2,082	0,333
22,2	2,141	0,387
22,3	2,202	0,446
22,4	2,265	0,503
22,5	2,318	0,554
22,6	2,355	0,594
22,7	2,378	0,618
22,8	2,381	0,624
22,9	2,361	0,606
23,0	2,324	0,576
23,1	2,274	0,531
23,2	2,216	0,474
23,3	2,154	0,413
23,4	2,096	0,356
23,5	2,048	0,305
23,6	2,015	0,270
23,7	1,997	0,252
23,8	2,000	0,248
23,9	2,019	0,264
24,0	2,057	0,305
24,1	2,109	0,354
24,2	2,172	0,413
24,3	2,231	0,473
24,4	2,288	0,533
24,5	2,331	0,581
24,6	2,357	0,614
24,7	2,369	0,629
24,8	2,366	0,621
24,9	2,340	0,602
25,0	2,300	0,563
25,1	2,247	0,507
25,2	2,187	0,444
25,3	2,132	0,380
25,4	2,079	0,326
25,5	2,037	0,281
25,6	2,012	0,251
25,7	2,000	0,239
25,8	2,012	0,252
25,9	2,040	0,281
26,0	2,081	0,327
26,1	2,138	0,384
26,2	2,196	0,446
26,3	2,253	0,510
26,4	2,303	0,563
26,5	2,342	0,603
26,6	2,361	0,629
26,7	2,369	0,630
26,8	2,355	0,618
26,9	2,324	0,584
27,0	2,280	0,533
27,1	2,226	0,476
27,2	2,171	0,411
27,3	2,114	0,348
27,4	2,066	0,297
27,5	2,028	0,261
27,6	2,010	0,240
27,7	2,009	0,242
27,8	2,025	0,260
27,9	2,055	0,303
28,0	2,105	0,353
28,1	2,159	0,413
28,2	2,220	0,480
28,3	2,273	0,536
28,4	2,316	0,587
28,5	2,348	0,620
28,6	2,363	0,635
28,7	2,360	0,627
28,8	2,340	0,599
28,9	2,304	0,554
29,0	2,256	0,498
29,1	2,202	0,437
29,2	2,144	0,374
29,3	2,091	0,318
29,4	2,048	0,272
29,5	2,015	0,243
29,6	2,003	0,236
29,7	2,012	0,251
29,8	2,030	0,284
29,9	2,070	0,329
30,0	2,123	0,387
30,1	2,178	0,453
30,2	2,235	0,513
30,3	2,289	0,570
30,4	2,331	0,606
30,5	2,360	0,630
30,6	2,369	0,635
30,7	2,361	0,617
30,8	2,336	0,578
30,9	2,295	0,525
31,0	2,243	0,462
31,1	2,181	0,404
31,2	2,124	0,344
31,3	2,072	0,294
31,4	2,033	0,260
31,5	2,009	0,242
31,6	2,004	0,246
31,7	2,016	0,270
31,8	2,045	0,309
31,9	2,090	0,363
32,0	2,145	0,425
32,1	2,204	0,488
32,2	2,261	0,542
32,3	2,309	0,588
32,4	2,351	0,615
32,5	2,372	0,627
32,6	2,375	0,621
32,7	2,360	0,593
32,8	2,325	0,549
32,9	2,276	0,498
33,0	2,219	0,435
33,1	2,156	0,372
33,2	2,099	0,321
33,3	2,051	0,281
33,4	2,016	0,255
33,5	1,995	0,249
33,6	1,998	0,266
33,7	2,018	0,294
33,8	2,060	0,341
33,9	2,112	0,393
34,0	2,168	0,453
34,1	2,231	0,512
34,2	2,288	0,563
34,3	2,340	0,599
34,4	2,370	0,618
34,5	2,382	0,618
34,6	2,378	0,600
34,7	2,349	0,569
34,8	2,304	0,524
34,9	2,250	0,468
35,0	2,189	0,408
35,1	2,124	0,353
35,2	2,070	0,311
35,3	2,027	0,272
35,4	1,998	0,258
35,5	1,991	0,260
35,6	2,001	0,279
35,7	2,034	0,315
35,8	2,084	0,365
35,9	2,142	0,417
36,0	2,205	0,477
36,1	2,268	0,528
36,2	2,325	0,575
36,3	2,364	0,602
36,4	2,387	0,612
36,5	2,384	0,611
36,6	2,363	0,585
36,7	2,331	0,549
36,8	2,277	0,500
36,9	2,216	0,443
37,0	2,151	0,384
37,1	2,093	0,332
37,2	2,042	0,294
37,3	2,004	0,267
37,4	1,986	0,260
37,5	1,989	0,263
37,6	2,013	0,291
37,7	2,057	0,333
37,8	2,112	0,384
37,9	2,177	0,440
38,0	2,240	0,495
38,1	2,297	0,543
38,2	2,345	0,584
38,3	2,375	0,605
38,4	2,387	0,615
38,5	2,378	0,602
38,6	2,348	0,572
38,7	2,306	0,533
38,8	2,249	0,479
38,9	2,181	0,425
39,0	2,118	0,371
39,1	2,061	0,318
39,2	2,016	0,285
39,3	1,991	0,263
39,4	1,989	0,260
39,5	2,004	0,276
39,6	2,039	0,305
39,7	2,090	0,350
39,8	2,150	0,407
39,9	2,211	0,464
40,0	2,270	0,515
40,1	2,324	0,561
40,2	2,361	0,593
40,3	2,382	0,614
40,4	2,378	0,614
40,5	2,360	0,596
40,6	2,322	0,560
40,7	2,270	0,513
40,8	2,210	0,459
40,9	2,148	0,405
41,0	2,087	0,345
41,1	2,040	0,302
41,2	2,007	0,270
41,3	1,991	0,257
41,4	1,997	0,261
41,5	2,022	0,281
41,6	2,063	0,320
41,7	2,120	0,368
41,8	2,181	0,422
41,9	2,243	0,482
42,0	2,300	0,537
42,1	2,343	0,582
42,2	2,375	0,608
42,3	2,382	0,621
42,4	2,372	0,614
42,5	2,340	0,588
42,6	2,294	0,546
42,7	2,237	0,494
42,8	2,174	0,434
42,9	2,111	0,377
43,0	2,061	0,323
43,1	2,025	0,284
43,2	2,001	0,261
43,3	1,995	0,246
43,4	2,012	0,263
43,5	2,043	0,290
43,6	2,094	0,333
43,7	2,154	0,390
43,8	2,211	0,453
43,9	2,268	0,512
44,0	2,319	0,564
44,1	2,351	0,605
44,2	2,373	0,626
44,3	2,370	0,627
44,4	2,349	0,614
44,5	2,309	0,573
44,6	2,264	0,524
44,7	2,208	0,468
44,8	2,147	0,405
44,9	2,090	0,347
45,0	2,048	0,297
45,1	2,016	0,261
45,2	2,003	0,243
45,3	2,009	0,245
45,4	2,030	0,272
45,5	2,067	0,309
45,6	2,117	0,362
45,7	2,169	0,426
45,8	2,231	0,489
45,9	2,286	0,545
46,0	2,330	0,591
46,1	2,355	0,626
46,2	2,370	0,636
46,3	2,358	0,624
46,4	2,333	0,596
46,5	2,292	0,552
46,6	2,241	0,492
46,7	2,186	0,434
46,8	2,130	0,369
46,9	2,078	0,317
47,0	2,040	0,273
47,1	2,015	0,246
47,2	2,004	0,239
47,3	2,022	0,257
47,4	2,051	0,288
47,5	2,090	0,336
47,6	2,141	0,399
47,7	2,196	0,461
47,8	2,253	0,521
47,9	2,304	0,572
48,0	2,340	0,614
48,1	2,360	0,632
48,2	2,366	0,633
48,3	2,352	0,611
48,4	2,322	0,575
48,5	2,273	0,519
48,6	2,220	0,458
48,7	2,163	0,401
48,8	2,109	0,336
48,9	2,063	0,288
49,0	2,030	0,257
49,1	2,010	0,242
49,2	2,009	0,249
49,3	2,025	0,272
49,4	2,058	0,315
49,5	2,105	0,369
49,6	2,160	0,434
49,7	2,217	0,497
49,8	2,271	0,555
49,9	2,321	0,600
50,0	2,352	0,627
50,1	2,366	0,633
50,2	2,361	0,623
50,3	2,345	0,591
50,4	2,307	0,548
50,5	2,258	0,489
50,6	2,201	0,426
50,7	2,142	0,366
50,8	2,090	0,311
50,9	2,048	0,270
51,0	2,016	0,249
51,1	2,009	0,245
51,2	2,013	0,263
51,3	2,042	0,297
51,4	2,079	0,345
51,5	2,126	0,402
51,6	2,184	0,464
51,7	2,244	0,522
51,8	2,295	0,578
51,9	2,337	0,609
52,0	2,361	0,626
52,1	2,372	0,627
52,2	2,364	0,605
52,3	2,334	0,567
52,4	2,289	0,512
52,5	2,237	0,455
52,6	2,174	0,395
52,7	2,118	0,333
52,8	2,067	0,291
52,9	2,024	0,261
53,0	2,004	0,251
53,1	1,997	0,257
53,2	2,012	0,282
53,3	2,045	0,324
53,4	2,096	0,375
53,5	2,154	0,437
53,6	2,213	0,495
53,7	2,268	0,546
53,8	2,321	0,585
53,9	2,358	0,612
54,0	2,378	0,620
54,1	2,375	0,611
54,2	2,355	0,581
54,3	2,315	0,536
54,4	2,267	0,482
54,5	2,210	0,426
54,6	2,147	0,368
54,7	2,084	0,318
54,8	2,039	0,284
54,9	2,010	0,260
55,0	1,991	0,257
55,1	1,997	0,269
55,2	2,021	0,302
55,3	2,064	0,347
55,4	2,120	0,402
55,5	2,181	0,459
55,6	2,243	0,515
55,7	2,303	0,560
55,8	2,346	0,596
55,9	2,373	0,612
56,0	2,384	0,614
56,1	2,375	0,594
56,2	2,342	0,560
56,3	2,294	0,516
56,4	2,238	0,461
56,5	2,174	0,405
56,6	2,115	0,351
56,7	2,057	0,308
56,8	2,015	0,278
56,9	1,991	0,261
57,0	1,986	0,264
57,1	2,006	0,284
57,2	2,039	0,323
57,3	2,091	0,369
57,4	2,154	0,420
57,5	2,219	0,480
57,6	2,277	0,530
57,7	2,328	0,570
57,8	2,366	0,605
57,9	2,382	0,609
58,0	2,382	0,608
58,1	2,360	0,582
58,2	2,322	0,543
58,3	2,264	0,494
58,4	2,201	0,438
58,5	2,135	0,384
58,6	2,075	0,333
58,7	2,027	0,296
58,8	1,997	0,269
58,9	1,988	0,261
59,0	1,997	0,270
59,1	2,024	0,293
59,2	2,066	0,338
59,3	2,123	0,384
59,4	2,189	0,446
59,5	2,249	0,497
59,6	2,304	0,548
59,7	2,354	0,584
59,8	2,378	0,605
59,9	2,384	0,614
60,0	2,370	0,602
