t / s	U_A1 / V	U_B1 / V
0,0	2,420	0,387
0,1	2,388	0,390
0,2	2,340	0,392
0,3	2,280	0,398
0,4	2,216	0,401
0,5	2,148	0,405
0,6	2,094	0,410
0,7	2,055	0,413
0,8	2,033	0,414
0,9	2,030	0,410
1,0	2,048	0,407
1,1	2,085	0,402
1,2	2,141	0,399
1,3	2,207	0,395
1,4	2,273	0,389
1,5	2,334	0,386
1,6	2,384	0,389
1,7	2,415	0,387
1,8	2,429	0,395
1,9	2,423	0,398
2,0	2,396	0,405
2,1	2,349	0,411
2,2	2,292	0,420
2,3	2,231	0,423
2,4	2,163	0,428
2,5	2,106	0,425
2,6	2,061	0,425
2,7	2,036	0,417
2,8	2,031	0,408
2,9	2,048	0,396
3,0	2,082	0,384
3,1	2,136	0,377
3,2	2,201	0,368
3,3	2,261	0,366
3,4	2,325	0,368
3,5	2,372	0,368
3,6	2,406	0,377
3,7	2,427	0,390
3,8	2,421	0,405
3,9	2,394	0,420
4,0	2,354	0,434
4,1	2,295	0,443
4,2	2,232	0,450
4,3	2,172	0,453
4,4	2,115	0,449
4,5	2,072	0,435
4,6	2,043	0,420
4,7	2,036	0,408
4,8	2,046	0,390
4,9	2,082	0,371
5,0	2,127	0,357
5,1	2,187	0,347
5,2	2,253	0,347
5,3	2,312	0,342
5,4	2,364	0,353
5,5	2,400	0,366
5,6	2,415	0,387
5,7	2,417	0,411
5,8	2,394	0,431
5,9	2,352	0,450
6,0	2,300	0,461
6,1	2,238	0,471
6,2	2,181	0,471
6,3	2,121	0,464
6,4	2,078	0,447
6,5	2,051	0,431
6,6	2,042	0,407
6,7	2,055	0,381
6,8	2,087	0,357
6,9	2,127	0,339
7,0	2,181	0,324
7,1	2,241	0,320
7,2	2,298	0,323
7,3	2,349	0,338
7,4	2,385	0,357
7,5	2,406	0,381
7,6	2,405	0,414
7,7	2,391	0,438
7,8	2,354	0,461
7,9	2,303	0,483
8,0	2,249	0,494
8,1	2,189	0,497
8,2	2,132	0,488
8,3	2,094	0,467
8,4	2,064	0,441
8,5	2,057	0,408
8,6	2,063	0,375
8,7	2,088	0,345
8,8	2,132	0,321
8,9	2,175	0,306
9,0	2,237	0,300
9,1	2,289	0,303
9,2	2,337	0,321
9,3	2,375	0,344
9,4	2,394	0,374
9,5	2,396	0,411
9,6	2,382	0,444
9,7	2,349	0,476
9,8	2,306	0,503
9,9	2,256	0,515
10,0	2,202	0,516
10,1	2,151	0,504
10,2	2,109	0,483
10,3	2,082	0,452
10,4	2,070	0,416
10,5	2,076	0,378
10,6	2,094	0,341
10,7	2,132	0,308
10,8	2,177	0,288
10,9	2,228	0,278
11,0	2,279	0,282
11,1	2,325	0,302
11,2	2,357	0,330
11,3	2,376	0,365
11,4	2,382	0,407
11,5	2,367	0,449
11,6	2,343	0,488
11,7	2,306	0,515
11,8	2,259	0,530
11,9	2,211	0,534
12,0	2,165	0,522
12,1	2,126	0,500
12,2	2,096	0,462
12,3	2,087	0,420
12,4	2,085	0,377
12,5	2,103	0,333
12,6	2,135	0,297
12,7	2,174	0,275
12,8	2,217	0,261
12,9	2,264	0,266
13,0	2,306	0,284
13,1	2,339	0,312
13,2	2,360	0,356
13,3	2,367	0,404
13,4	2,355	0,452
13,5	2,331	0,495
13,6	2,300	0,530
13,7	2,259	0,549
13,8	2,214	0,552
13,9	2,174	0,542
14,0	2,144	0,513
14,1	2,118	0,476
14,2	2,109	0,429
14,3	2,106	0,378
14,4	2,118	0,330
14,5	2,147	0,290
14,6	2,180	0,257
14,7	2,220	0,242
14,8	2,259	0,248
14,9	2,292	0,264
15,0	2,324	0,299
15,1	2,342	0,344
15,2	2,346	0,396
15,3	2,337	0,449
15,4	2,319	0,494
15,5	2,294	0,534
15,6	2,259	0,560
15,7	2,223	0,564
15,8	2,190	0,558
15,9	2,159	0,533
16,0	2,136	0,488
16,1	2,127	0,438
16,2	2,127	0,384
16,3	2,136	0,332
16,4	2,153	0,284
16,5	2,180	0,249
16,6	2,213	0,228
16,7	2,250	0,230
16,8	2,279	0,249
16,9	2,301	0,287
17,0	2,319	0,330
17,1	2,327	0,386
17,2	2,319	0,446
17,3	2,306	0,498
17,4	2,282	0,542
17,5	2,256	0,570
17,6	2,226	0,581
17,7	2,198	0,575
17,8	2,174	0,546
17,9	2,157	0,506
18,0	2,147	0,447
18,1	2,148	0,387
18,2	2,156	0,333
18,3	2,169	0,282
18,4	2,192	0,245
18,5	2,216	0,227
18,6	2,243	0,219
18,7	2,265	0,237
18,8	2,285	0,273
18,9	2,297	0,320
19,0	2,301	0,380
19,1	2,297	0,440
19,2	2,286	0,497
19,3	2,271	0,542
19,4	2,252	0,576
19,5	2,229	0,588
19,6	2,208	0,581
19,7	2,189	0,558
19,8	2,175	0,515
19,9	2,166	0,458
20,0	2,165	0,398
20,1	2,171	0,336
20,2	2,183	0,279
20,3	2,201	0,240
20,4	2,219	0,216
20,5	2,237	0,212
20,6	2,256	0,225
20,7	2,271	0,257
20,8	2,277	0,306
20,9	2,277	0,369
21,0	2,274	0,432
21,1	2,270	0,492
21,2	2,258	0,540
21,3	2,246	0,576
21,4	2,229	0,591
21,5	2,213	0,588
21,6	2,202	0,567
21,7	2,196	0,525
21,8	2,189	0,468
21,9	2,192	0,407
22,0	2,195	0,344
22,1	2,205	0,285
22,2	2,216	0,242
22,3	2,223	0,216
22,4	2,235	0,209
22,5	2,243	0,222
22,6	2,252	0,255
22,7	2,256	0,305
22,8	2,255	0,359
22,9	2,252	0,428
23,0	2,247	0,489
23,1	2,241	0,542
23,2	2,231	0,581
23,3	2,226	0,597
23,4	2,220	0,596
23,5	2,213	0,576
23,6	2,214	0,536
23,7	2,216	0,480
23,8	2,214	0,414
23,9	2,219	0,345
24,0	2,225	0,288
24,1	2,229	0,245
24,2	2,234	0,213
24,3	2,237	0,203
24,4	2,238	0,216
24,5	2,238	0,246
24,6	2,234	0,294
24,7	2,235	0,351
24,8	2,228	0,417
24,9	2,225	0,480
25,0	2,225	0,534
25,1	2,220	0,575
25,2	2,219	0,594
25,3	2,223	0,597
25,4	2,228	0,578
25,5	2,229	0,539
25,6	2,235	0,485
25,7	2,237	0,428
25,8	2,244	0,357
25,9	2,252	0,296
26,0	2,249	0,252
26,1	2,246	0,219
26,2	2,240	0,207
26,3	2,232	0,216
26,4	2,223	0,240
26,5	2,216	0,285
26,6	2,210	0,342
26,7	2,207	0,407
26,8	2,205	0,471
26,9	2,205	0,525
27,0	2,205	0,567
27,1	2,208	0,593
27,2	2,222	0,599
27,3	2,235	0,581
27,4	2,247	0,543
27,5	2,255	0,491
27,6	2,262	0,432
27,7	2,268	0,368
27,8	2,268	0,311
27,9	2,264	0,258
28,0	2,253	0,222
28,1	2,241	0,209
28,2	2,226	0,212
28,3	2,207	0,242
28,4	2,198	0,282
28,5	2,187	0,338
28,6	2,181	0,398
28,7	2,177	0,461
28,8	2,177	0,518
28,9	2,187	0,561
29,0	2,201	0,584
29,1	2,219	0,591
29,2	2,238	0,578
29,3	2,255	0,545
29,4	2,270	0,494
29,5	2,285	0,440
29,6	2,289	0,378
29,7	2,289	0,321
29,8	2,283	0,269
29,9	2,270	0,236
30,0	2,252	0,216
30,1	2,228	0,221
30,2	2,207	0,242
30,3	2,184	0,279
30,4	2,168	0,333
30,5	2,157	0,396
30,6	2,153	0,455
30,7	2,160	0,504
30,8	2,171	0,548
30,9	2,192	0,573
31,0	2,216	0,581
31,1	2,244	0,572
31,2	2,268	0,542
31,3	2,291	0,498
31,4	2,306	0,446
31,5	2,313	0,386
31,6	2,310	0,330
31,7	2,301	0,281
31,8	2,283	0,243
31,9	2,258	0,228
32,0	2,228	0,227
32,1	2,199	0,246
32,2	2,174	0,281
32,3	2,153	0,330
32,4	2,136	0,387
32,5	2,135	0,440
32,6	2,142	0,495
32,7	2,159	0,534
32,8	2,184	0,564
32,9	2,211	0,569
33,0	2,243	0,563
33,1	2,276	0,537
33,2	2,306	0,500
33,3	2,325	0,449
33,4	2,336	0,395
33,5	2,331	0,338
33,6	2,321	0,293
33,7	2,298	0,260
33,8	2,264	0,240
33,9	2,229	0,239
34,0	2,195	0,254
34,1	2,165	0,285
34,2	2,138	0,330
34,3	2,118	0,380
34,4	2,115	0,431
34,5	2,123	0,482
34,6	2,136	0,522
34,7	2,165	0,543
34,8	2,202	0,558
34,9	2,240	0,552
35,0	2,279	0,530
35,1	2,313	0,494
35,2	2,337	0,450
35,3	2,351	0,402
35,4	2,354	0,353
35,5	2,340	0,305
35,6	2,315	0,276
35,7	2,279	0,257
35,8	2,238	0,252
35,9	2,195	0,263
36,0	2,157	0,290
36,1	2,123	0,333
36,2	2,099	0,375
36,3	2,088	0,422
36,4	2,099	0,468
36,5	2,123	0,509
36,6	2,157	0,528
36,7	2,199	0,539
36,8	2,240	0,540
36,9	2,286	0,519
37,0	2,324	0,488
37,1	2,352	0,450
37,2	2,372	0,407
37,3	2,373	0,363
37,4	2,358	0,323
37,5	2,331	0,290
37,6	2,292	0,272
37,7	2,249	0,266
37,8	2,195	0,279
37,9	2,154	0,300
38,0	2,112	0,332
38,1	2,085	0,369
38,2	2,076	0,416
38,3	2,084	0,455
38,4	2,102	0,491
38,5	2,136	0,509
38,6	2,181	0,524
38,7	2,237	0,521
38,8	2,286	0,509
38,9	2,331	0,480
39,0	2,364	0,446
39,1	2,384	0,408
39,2	2,384	0,374
39,3	2,376	0,339
39,4	2,345	0,306
39,5	2,301	0,293
39,6	2,252	0,290
39,7	2,201	0,294
39,8	2,147	0,311
39,9	2,103	0,342
40,0	2,078	0,380
40,1	2,064	0,410
40,2	2,069	0,444
40,3	2,088	0,473
40,4	2,126	0,492
40,5	2,172	0,501
40,6	2,225	0,498
40,7	2,279	0,489
40,8	2,330	0,468
40,9	2,370	0,440
41,0	2,397	0,411
41,1	2,402	0,383
41,2	2,393	0,356
41,3	2,361	0,332
41,4	2,315	0,314
41,5	2,262	0,309
41,6	2,205	0,315
41,7	2,148	0,327
41,8	2,102	0,351
41,9	2,072	0,378
42,0	2,052	0,405
42,1	2,054	0,434
42,2	2,075	0,455
42,3	2,112	0,471
42,4	2,159	0,482
42,5	2,220	0,482
42,6	2,276	0,473
42,7	2,336	0,455
42,8	2,375	0,435
42,9	2,403	0,411
43,0	2,406	0,386
43,1	2,399	0,365
43,2	2,372	0,347
43,3	2,330	0,338
43,4	2,274	0,335
43,5	2,210	0,333
43,6	2,153	0,348
43,7	2,102	0,360
43,8	2,064	0,386
43,9	2,042	0,404
44,0	2,040	0,426
44,1	2,060	0,441
44,2	2,099	0,452
44,3	2,148	0,462
44,4	2,210	0,461
44,5	2,271	0,452
44,6	2,331	0,441
44,7	2,378	0,426
44,8	2,408	0,408
44,9	2,421	0,392
45,0	2,411	0,374
45,1	2,387	0,365
45,2	2,342	0,359
45,3	2,283	0,356
45,4	2,219	0,359
45,5	2,159	0,366
45,6	2,106	0,377
45,7	2,066	0,390
45,8	2,042	0,405
45,9	2,037	0,414
46,0	2,054	0,425
46,1	2,090	0,432
46,2	2,142	0,435
46,3	2,201	0,432
46,4	2,265	0,431
46,5	2,325	0,422
46,6	2,375	0,411
46,7	2,411	0,399
46,8	2,429	0,393
46,9	2,421	0,387
47,0	2,394	0,380
47,1	2,351	0,380
47,2	2,294	0,378
47,3	2,229	0,383
47,4	2,166	0,389
47,5	2,108	0,393
47,6	2,063	0,402
47,7	2,037	0,413
47,8	2,033	0,413
47,9	2,048	0,417
48,0	2,081	0,417
48,1	2,130	0,414
48,2	2,193	0,414
48,3	2,255	0,408
48,4	2,319	0,404
48,5	2,370	0,398
48,6	2,406	0,399
48,7	2,426	0,392
48,8	2,423	0,395
48,9	2,400	0,395
49,0	2,360	0,398
49,1	2,303	0,402
49,2	2,240	0,407
49,3	2,175	0,410
49,4	2,117	0,414
49,5	2,070	0,413
49,6	2,043	0,411
49,7	2,033	0,408
49,8	2,045	0,405
49,9	2,076	0,399
50,0	2,127	0,393
50,1	2,184	0,387
50,2	2,247	0,383
50,3	2,309	0,375
50,4	2,363	0,378
50,5	2,402	0,383
50,6	2,423	0,390
50,7	2,426	0,401
50,8	2,402	0,408
50,9	2,361	0,417
51,0	2,310	0,423
51,1	2,253	0,428
51,2	2,187	0,434
51,3	2,124	0,431
51,4	2,078	0,426
51,5	2,048	0,420
51,6	2,037	0,407
51,7	2,045	0,395
51,8	2,073	0,384
51,9	2,120	0,372
52,0	2,174	0,360
52,1	2,240	0,360
52,2	2,301	0,360
52,3	2,355	0,363
52,4	2,396	0,375
52,5	2,418	0,389
52,6	2,417	0,402
52,7	2,400	0,414
52,8	2,364	0,432
52,9	2,315	0,447
53,0	2,253	0,453
53,1	2,190	0,456
53,2	2,136	0,452
53,3	2,090	0,444
53,4	2,055	0,431
53,5	2,042	0,408
53,6	2,048	0,389
53,7	2,073	0,369
53,8	2,115	0,354
53,9	2,171	0,339
54,0	2,231	0,338
54,1	2,292	0,336
54,2	2,343	0,348
54,3	2,384	0,360
54,4	2,406	0,381
54,5	2,414	0,402
54,6	2,397	0,426
54,7	2,361	0,449
54,8	2,316	0,465
54,9	2,261	0,474
55,0	2,205	0,479
55,1	2,148	0,471
55,2	2,102	0,461
55,3	2,069	0,437
55,4	2,055	0,414
55,5	2,054	0,389
55,6	2,076	0,365
55,7	2,114	0,336
55,8	2,162	0,323
55,9	2,219	0,312
56,0	2,277	0,315
56,1	2,334	0,329
56,2	2,373	0,348
56,3	2,397	0,372
56,4	2,402	0,402
56,5	2,390	0,432
56,6	2,363	0,464
56,7	2,322	0,483
56,8	2,267	0,495
56,9	2,211	0,501
57,0	2,159	0,495
57,1	2,112	0,480
57,2	2,078	0,453
57,3	2,061	0,419
57,4	2,066	0,386
57,5	2,084	0,350
57,6	2,118	0,324
57,7	2,163	0,306
57,8	2,214	0,294
57,9	2,267	0,296
58,0	2,313	0,311
58,1	2,352	0,330
58,2	2,379	0,362
58,3	2,391	0,401
58,4	2,384	0,441
58,5	2,357	0,473
58,6	2,319	0,498
58,7	2,274	0,515
58,8	2,220	0,519
58,9	2,166	0,515
59,0	2,123	0,494
59,1	2,096	0,462
59,2	2,076	0,428
59,3	2,075	0,387
59,4	2,094	0,348
59,5	2,124	0,315
59,6	2,162	0,293
59,7	2,211	0,278
59,8	2,261	0,278
59,9	2,306	0,288
60,0	2,343	0,315
60,1	2,366	0,350
60,2	2,376	0,392
60,3	2,370	0,437
60,4	2,349	0,479
60,5	2,313	0,509
60,6	2,274	0,528
60,7	2,226	0,537
60,8	2,181	0,528
60,9	2,144	0,512
61,0	2,111	0,474
61,1	2,096	0,438
61,2	2,094	0,390
61,3	2,109	0,345
61,4	2,135	0,309
61,5	2,166	0,275
61,6	2,210	0,257
61,7	2,253	0,257
61,8	2,291	0,270
61,9	2,325	0,302
62,0	2,348	0,338
62,1	2,357	0,386
62,2	2,355	0,435
62,3	2,337	0,482
62,4	2,310	0,521
62,5	2,270	0,545
62,6	2,232	0,560
62,7	2,195	0,554
62,8	2,157	0,527
62,9	2,130	0,492
63,0	2,115	0,447
63,1	2,111	0,396
63,2	2,118	0,345
63,3	2,141	0,302
63,4	2,169	0,266
63,5	2,205	0,248
63,6	2,243	0,242
63,7	2,279	0,258
63,8	2,309	0,290
63,9	2,330	0,329
64,0	2,337	0,381
64,1	2,334	0,429
64,2	2,324	0,485
64,3	2,298	0,525
64,4	2,267	0,557
64,5	2,234	0,569
64,6	2,199	0,566
64,7	2,175	0,542
64,8	2,153	0,501
64,9	2,138	0,456
65,0	2,135	0,404
65,1	2,139	0,350
65,2	2,159	0,299
65,3	2,178	0,258
65,4	2,210	0,234
65,5	2,238	0,230
65,6	2,265	0,243
65,7	2,289	0,269
65,8	2,309	0,315
65,9	2,318	0,371
66,0	2,313	0,426
66,1	2,303	0,482
66,2	2,288	0,531
66,3	2,264	0,564
66,4	2,237	0,579
66,5	2,211	0,576
66,6	2,190	0,555
66,7	2,169	0,518
66,8	2,157	0,467
66,9	2,153	0,413
67,0	2,160	0,351
67,1	2,171	0,299
67,2	2,189	0,255
67,3	2,210	0,230
67,4	2,234	0,221
67,5	2,256	0,233
67,6	2,274	0,261
67,7	2,285	0,306
67,8	2,291	0,365
67,9	2,292	0,425
68,0	2,286	0,483
68,1	2,274	0,534
68,2	2,258	0,567
68,3	2,238	0,587
68,4	2,217	0,588
68,5	2,202	0,569
68,6	2,184	0,530
68,7	2,177	0,479
68,8	2,175	0,420
68,9	2,181	0,357
69,0	2,190	0,300
69,1	2,201	0,257
69,2	2,217	0,224
69,3	2,231	0,213
69,4	2,249	0,224
69,5	2,264	0,249
69,6	2,273	0,296
69,7	2,274	0,350
69,8	2,271	0,411
69,9	2,265	0,474
70,0	2,258	0,527
70,1	2,247	0,569
70,2	2,232	0,591
70,3	2,220	0,593
70,4	2,210	0,575
70,5	2,202	0,537
70,6	2,198	0,489
70,7	2,199	0,428
70,8	2,204	0,362
70,9	2,210	0,303
71,0	2,217	0,257
71,1	2,226	0,221
71,2	2,235	0,210
71,3	2,243	0,215
71,4	2,250	0,242
71,5	2,250	0,284
71,6	2,250	0,341
71,7	2,249	0,404
71,8	2,244	0,470
71,9	2,240	0,522
72,0	2,232	0,567
72,1	2,226	0,593
72,2	2,223	0,599
72,3	2,220	0,585
72,4	2,222	0,549
72,5	2,222	0,497
72,6	2,225	0,437
72,7	2,228	0,369
72,8	2,228	0,312
72,9	2,232	0,264
73,0	2,234	0,228
73,1	2,237	0,209
73,2	2,237	0,213
73,3	2,235	0,236
73,4	2,229	0,281
73,5	2,226	0,336
73,6	2,220	0,396
73,7	2,217	0,458
73,8	2,217	0,516
73,9	2,219	0,563
74,0	2,219	0,593
74,1	2,220	0,597
74,2	2,228	0,582
74,3	2,238	0,552
74,4	2,244	0,504
74,5	2,246	0,444
74,6	2,249	0,384
74,7	2,253	0,324
74,8	2,253	0,272
74,9	2,252	0,234
75,0	2,244	0,213
75,1	2,234	0,215
75,2	2,226	0,237
75,3	2,217	0,275
75,4	2,207	0,326
75,5	2,201	0,390
75,6	2,195	0,452
75,7	2,196	0,509
75,8	2,198	0,552
75,9	2,213	0,585
76,0	2,217	0,594
76,1	2,231	0,584
76,2	2,244	0,557
76,3	2,259	0,510
76,4	2,270	0,450
76,5	2,276	0,395
76,6	2,274	0,333
76,7	2,268	0,281
76,8	2,258	0,240
76,9	2,247	0,219
77,0	2,231	0,215
77,1	2,214	0,234
77,2	2,201	0,275
77,3	2,187	0,323
77,4	2,177	0,381
77,5	2,175	0,440
77,6	2,175	0,500
77,7	2,181	0,546
77,8	2,196	0,578
77,9	2,217	0,587
78,0	2,238	0,582
78,1	2,259	0,555
78,2	2,276	0,512
78,3	2,291	0,456
78,4	2,295	0,399
78,5	2,295	0,339
78,6	2,291	0,288
78,7	2,277	0,248
78,8	2,256	0,228
78,9	2,235	0,224
79,0	2,210	0,240
79,1	2,186	0,272
79,2	2,166	0,318
79,3	2,154	0,374
79,4	2,150	0,431
79,5	2,154	0,488
79,6	2,163	0,533
79,7	2,187	0,564
79,8	2,210	0,581
79,9	2,234	0,578
80,0	2,262	0,552
80,1	2,285	0,510
80,2	2,304	0,464
80,3	2,319	0,407
80,4	2,322	0,347
80,5	2,310	0,299
80,6	2,294	0,261
80,7	2,267	0,242
80,8	2,235	0,236
80,9	2,208	0,246
81,0	2,180	0,276
81,1	2,153	0,318
81,2	2,139	0,369
81,3	2,130	0,423
81,4	2,133	0,474
81,5	2,148	0,519
81,6	2,171	0,552
81,7	2,204	0,569
81,8	2,232	0,563
81,9	2,271	0,542
82,0	2,300	0,510
82,1	2,325	0,465
82,2	2,339	0,414
82,3	2,343	0,360
82,4	2,333	0,312
82,5	2,313	0,278
82,6	2,283	0,258
82,7	2,247	0,249
82,8	2,207	0,254
82,9	2,169	0,279
83,0	2,142	0,318
83,1	2,123	0,366
83,2	2,111	0,416
83,3	2,115	0,464
83,4	2,130	0,503
83,5	2,154	0,531
83,6	2,190	0,548
83,7	2,231	0,548
83,8	2,270	0,531
83,9	2,306	0,501
84,0	2,337	0,462
84,1	2,357	0,417
84,2	2,361	0,371
84,3	2,355	0,329
84,4	2,333	0,291
84,5	2,294	0,269
84,6	2,256	0,261
84,7	2,210	0,270
84,8	2,166	0,290
84,9	2,132	0,320
85,0	2,103	0,365
85,1	2,091	0,405
85,2	2,093	0,455
85,3	2,109	0,489
85,4	2,142	0,518
85,5	2,183	0,534
85,6	2,229	0,537
85,7	2,273	0,525
85,8	2,315	0,494
85,9	2,348	0,461
86,0	2,367	0,420
86,1	2,375	0,377
86,2	2,366	0,339
86,3	2,345	0,308
86,4	2,307	0,287
86,5	2,262	0,279
86,6	2,211	0,282
86,7	2,162	0,302
86,8	2,124	0,329
86,9	2,091	0,365
87,0	2,079	0,402
87,1	2,078	0,444
87,2	2,090	0,473
87,3	2,126	0,500
87,4	2,168	0,513
87,5	2,219	0,518
87,6	2,270	0,507
87,7	2,313	0,486
87,8	2,355	0,459
87,9	2,384	0,423
88,0	2,390	0,387
88,1	2,384	0,353
88,2	2,358	0,327
88,3	2,319	0,311
88,4	2,270	0,300
88,5	2,217	0,303
88,6	2,166	0,321
88,7	2,121	0,344
88,8	2,084	0,371
88,9	2,063	0,401
89,0	2,063	0,428
89,1	2,081	0,458
89,2	2,111	0,482
89,3	2,157	0,492
89,4	2,211	0,497
89,5	2,267	0,491
89,6	2,318	0,476
89,7	2,363	0,450
89,8	2,390	0,419
89,9	2,403	0,395
90,0	2,399	0,368
90,1	2,373	0,344
90,2	2,334	0,327
90,3	2,282	0,318
90,4	2,223	0,324
90,5	2,166	0,336
90,6	2,117	0,351
90,7	2,079	0,374
90,8	2,057	0,404
90,9	2,055	0,423
91,0	2,066	0,446
91,1	2,097	0,462
91,2	2,144	0,476
91,3	2,202	0,471
91,4	2,258	0,468
91,5	2,316	0,455
91,6	2,364	0,438
91,7	2,397	0,417
91,8	2,412	0,395
91,9	2,408	0,377
92,0	2,384	0,354
92,1	2,346	0,345
92,2	2,291	0,341
92,3	2,234	0,345
92,4	2,172	0,353
92,5	2,117	0,363
92,6	2,076	0,383
92,7	2,051	0,401
92,8	2,043	0,417
92,9	2,055	0,431
93,0	2,087	0,446
93,1	2,130	0,452
93,2	2,190	0,452
93,3	2,256	0,446
93,4	2,312	0,437
93,5	2,363	0,423
93,6	2,396	0,410
93,7	2,415	0,395
93,8	2,418	0,383
93,9	2,396	0,372
94,0	2,355	0,368
94,1	2,303	0,363
94,2	2,240	0,363
94,3	2,178	0,371
94,4	2,123	0,381
94,5	2,076	0,390
94,6	2,046	0,399
94,7	2,037	0,410
94,8	2,049	0,420
94,9	2,081	0,425
95,0	2,123	0,428
95,1	2,184	0,428
95,2	2,247	0,426
95,3	2,306	0,417
95,4	2,358	0,411
95,5	2,396	0,401
95,6	2,418	0,396
95,7	2,421	0,392
95,8	2,405	0,390
95,9	2,366	0,386
96,0	2,310	0,390
96,1	2,246	0,390
96,2	2,186	0,393
96,3	2,129	0,399
96,4	2,079	0,404
96,5	2,048	0,405
96,6	2,031	0,413
96,7	2,043	0,413
96,8	2,070	0,413
96,9	2,118	0,407
97,0	2,175	0,402
97,1	2,238	0,402
97,2	2,297	0,399
97,3	2,352	0,398
97,4	2,394	0,393
97,5	2,420	0,395
97,6	2,421	0,395
97,7	2,403	0,401
97,8	2,369	0,408
97,9	2,319	0,408
98,0	2,258	0,414
98,1	2,195	0,419
98,2	2,138	0,417
98,3	2,088	0,419
98,4	2,052	0,416
98,5	2,039	0,411
98,6	2,045	0,404
98,7	2,067	0,398
98,8	2,109	0,392
98,9	2,165	0,380
99,0	2,228	0,377
99,1	2,289	0,375
99,2	2,348	0,378
99,3	2,390	0,383
99,4	2,415	0,389
99,5	2,420	0,398
99,6	2,409	0,410
99,7	2,376	0,423
99,8	2,325	0,431
99,9	2,265	0,435
100,0	2,201	0,435
100,1	2,144	0,437
100,2	2,097	0,435
100,3	2,061	0,425
100,4	2,043	0,411
100,5	2,045	0,396
100,6	2,067	0,384
100,7	2,106	0,374
100,8	2,159	0,362
100,9	2,222	0,354
101,0	2,283	0,353
101,1	2,339	0,362
101,2	2,384	0,371
101,3	2,408	0,381
101,4	2,415	0,401
101,5	2,402	0,416
101,6	2,375	0,435
101,7	2,327	0,447
101,8	2,273	0,459
101,9	2,213	0,462
102,0	2,154	0,461
102,1	2,106	0,449
102,2	2,070	0,434
102,3	2,051	0,416
102,4	2,052	0,393
102,5	2,067	0,374
102,6	2,102	0,351
102,7	2,156	0,341
102,8	2,211	0,332
102,9	2,270	0,332
103,0	2,322	0,339
103,1	2,366	0,353
103,2	2,394	0,377
103,3	2,406	0,399
103,4	2,399	0,425
103,5	2,372	0,446
103,6	2,330	0,467
103,7	2,277	0,480
103,8	2,223	0,483
103,9	2,166	0,480
104,0	2,118	0,470
104,1	2,076	0,449
104,2	2,058	0,425
104,3	2,055	0,398
104,4	2,073	0,366
104,5	2,105	0,342
104,6	2,154	0,324
104,7	2,207	0,312
104,8	2,261	0,311
104,9	2,315	0,318
105,0	2,355	0,339
105,1	2,385	0,365
105,2	2,393	0,393
105,3	2,388	0,426
105,4	2,363	0,459
105,5	2,327	0,482
105,6	2,280	0,498
105,7	2,225	0,506
105,8	2,175	0,501
105,9	2,129	0,488
106,0	2,094	0,464
106,1	2,069	0,432
106,2	2,070	0,396
106,3	2,081	0,360
106,4	2,109	0,329
106,5	2,150	0,305
106,6	2,199	0,294
106,7	2,253	0,290
106,8	2,301	0,297
106,9	2,343	0,321
107,0	2,373	0,351
107,1	2,385	0,386
107,2	2,379	0,428
107,3	2,361	0,464
107,4	2,328	0,492
107,5	2,283	0,515
107,6	2,238	0,522
107,7	2,186	0,522
107,8	2,141	0,504
107,9	2,111	0,477
108,0	2,090	0,441
108,1	2,087	0,401
108,2	2,093	0,359
108,3	2,117	0,323
108,4	2,154	0,291
108,5	2,198	0,276
108,6	2,244	0,273
108,7	2,288	0,281
108,8	2,325	0,308
108,9	2,352	0,338
109,0	2,361	0,380
109,1	2,361	0,426
109,2	2,349	0,470
109,3	2,318	0,501
109,4	2,282	0,534
109,5	2,241	0,539
109,6	2,195	0,537
109,7	2,156	0,524
109,8	2,124	0,491
109,9	2,105	0,453
110,0	2,099	0,407
110,1	2,108	0,359
110,2	2,127	0,318
110,3	2,156	0,285
110,4	2,196	0,263
110,5	2,238	0,252
110,6	2,274	0,264
110,7	2,306	0,288
110,8	2,331	0,327
110,9	2,346	0,372
111,0	2,346	0,422
111,1	2,336	0,471
111,2	2,310	0,510
111,3	2,277	0,542
111,4	2,241	0,554
111,5	2,204	0,557
111,6	2,169	0,537
111,7	2,142	0,504
111,8	2,124	0,459
111,9	2,117	0,411
112,0	2,121	0,360
112,1	2,138	0,311
112,2	2,163	0,276
112,3	2,195	0,249
112,4	2,229	0,240
112,5	2,265	0,248
112,6	2,295	0,273
112,7	2,319	0,314
112,8	2,327	0,360
112,9	2,327	0,420
113,0	2,318	0,468
113,1	2,301	0,515
113,2	2,274	0,549
113,3	2,241	0,566
113,4	2,211	0,569
113,5	2,184	0,552
113,6	2,162	0,522
113,7	2,144	0,474
113,8	2,139	0,419
113,9	2,144	0,365
114,0	2,159	0,314
114,1	2,177	0,269
114,2	2,202	0,240
114,3	2,228	0,230
114,4	2,256	0,236
114,5	2,279	0,264
114,6	2,297	0,305
114,7	2,306	0,354
114,8	2,303	0,410
114,9	2,297	0,467
115,0	2,285	0,518
115,1	2,267	0,557
115,2	2,243	0,576
115,3	2,219	0,582
115,4	2,195	0,563
115,5	2,178	0,531
115,6	2,168	0,488
115,7	2,165	0,429
115,8	2,165	0,371
115,9	2,174	0,315
116,0	2,190	0,267
116,1	2,208	0,237
116,2	2,226	0,219
116,3	2,244	0,219
116,4	2,264	0,248
116,5	2,279	0,291
116,6	2,282	0,344
116,7	2,282	0,404
116,8	2,279	0,462
116,9	2,271	0,513
117,0	2,256	0,558
117,1	2,241	0,581
117,2	2,225	0,588
117,3	2,208	0,576
117,4	2,196	0,545
117,5	2,187	0,494
117,6	2,183	0,435
117,7	2,186	0,374
117,8	2,192	0,318
117,9	2,202	0,270
118,0	2,217	0,233
118,1	2,232	0,215
118,2	2,243	0,216
118,3	2,252	0,243
118,4	2,256	0,284
118,5	2,262	0,335
118,6	2,262	0,392
118,7	2,258	0,458
118,8	2,252	0,513
118,9	2,243	0,555
119,0	2,232	0,582
119,1	2,223	0,593
119,2	2,213	0,578
119,3	2,205	0,549
119,4	2,204	0,506
119,5	2,207	0,447
119,6	2,208	0,384
119,7	2,213	0,321
119,8	2,216	0,269
119,9	2,223	0,231
120,0	2,234	0,212
120,1	2,237	0,213
120,2	2,235	0,233
120,3	2,241	0,273
120,4	2,241	0,326
120,5	2,238	0,384
120,6	2,235	0,447
120,7	2,229	0,506
120,8	2,228	0,555
120,9	2,225	0,584
121,0	2,222	0,594
121,1	2,220	0,587
121,2	2,222	0,555
121,3	2,225	0,513
121,4	2,229	0,455
121,5	2,238	0,392
121,6	2,241	0,329
121,7	2,240	0,273
121,8	2,238	0,237
121,9	2,235	0,213
122,0	2,234	0,210
122,1	2,225	0,228
122,2	2,223	0,266
122,3	2,219	0,320
122,4	2,213	0,377
122,5	2,213	0,443
122,6	2,210	0,498
122,7	2,208	0,546
122,8	2,213	0,579
122,9	2,217	0,590
123,0	2,223	0,585
123,1	2,234	0,558
123,2	2,240	0,515
123,3	2,249	0,459
123,4	2,253	0,399
123,5	2,259	0,338
123,6	2,256	0,287
123,7	2,255	0,240
123,8	2,246	0,221
123,9	2,232	0,215
124,0	2,222	0,227
124,1	2,207	0,264
124,2	2,199	0,312
124,3	2,192	0,369
124,4	2,187	0,432
124,5	2,186	0,489
124,6	2,189	0,537
124,7	2,201	0,573
124,8	2,211	0,588
124,9	2,226	0,582
125,0	2,246	0,558
125,1	2,259	0,521
125,2	2,271	0,465
125,3	2,276	0,408
125,4	2,279	0,348
125,5	2,274	0,294
125,6	2,267	0,251
125,7	2,250	0,224
125,8	2,235	0,216
125,9	2,214	0,230
126,0	2,198	0,261
126,1	2,183	0,306
126,2	2,171	0,363
126,3	2,162	0,425
126,4	2,160	0,474
126,5	2,166	0,525
126,6	2,184	0,561
126,7	2,205	0,578
126,8	2,228	0,576
126,9	2,247	0,557
127,0	2,271	0,519
127,1	2,286	0,470
127,2	2,300	0,413
127,3	2,306	0,357
127,4	2,298	0,303
127,5	2,283	0,261
127,6	2,261	0,234
127,7	2,241	0,225
127,8	2,214	0,236
127,9	2,192	0,263
128,0	2,165	0,303
128,1	2,151	0,353
128,2	2,142	0,408
128,3	2,144	0,467
128,4	2,156	0,515
128,5	2,174	0,546
128,6	2,196	0,566
128,7	2,225	0,566
128,8	2,256	0,551
128,9	2,283	0,515
129,0	2,307	0,473
129,1	2,321	0,422
129,2	2,325	0,366
129,3	2,319	0,317
129,4	2,304	0,270
129,5	2,277	0,248
129,6	2,249	0,239
129,7	2,216	0,248
129,8	2,180	0,272
129,9	2,154	0,306
130,0	2,135	0,350
130,1	2,123	0,404
130,2	2,123	0,455
130,3	2,135	0,501
130,4	2,157	0,536
130,5	2,183	0,552
130,6	2,220	0,555
130,7	2,259	0,543
130,8	2,294	0,513
130,9	2,319	0,477
131,0	2,337	0,426
131,1	2,345	0,377
131,2	2,339	0,329
131,3	2,319	0,288
131,4	2,288	0,264
131,5	2,249	0,252
131,6	2,214	0,260
131,7	2,177	0,276
131,8	2,139	0,309
131,9	2,117	0,353
132,0	2,103	0,399
132,1	2,103	0,443
132,2	2,112	0,486
132,3	2,139	0,519
132,4	2,175	0,537
132,5	2,211	0,543
132,6	2,256	0,530
132,7	2,297	0,506
132,8	2,328	0,473
132,9	2,352	0,431
133,0	2,361	0,383
133,1	2,357	0,339
133,2	2,337	0,305
133,3	2,303	0,279
133,4	2,262	0,267
133,5	2,214	0,272
133,6	2,175	0,287
133,7	2,136	0,314
133,8	2,106	0,351
133,9	2,087	0,390
134,0	2,082	0,435
134,1	2,097	0,474
134,2	2,123	0,503
134,3	2,165	0,524
134,4	2,208	0,525
134,5	2,259	0,518
134,6	2,304	0,500
134,7	2,343	0,468
134,8	2,366	0,429
134,9	2,378	0,390
135,0	2,373	0,351
135,1	2,355	0,320
135,2	2,318	0,293
135,3	2,274	0,284
135,4	2,228	0,285
135,5	2,178	0,299
135,6	2,132	0,326
135,7	2,096	0,357
135,8	2,073	0,389
135,9	2,070	0,425
136,0	2,082	0,455
136,1	2,109	0,485
136,2	2,151	0,501
136,3	2,199	0,506
136,4	2,252	0,500
136,5	2,306	0,482
136,6	2,349	0,456
136,7	2,379	0,431
136,8	2,394	0,395
136,9	2,388	0,363
137,0	2,367	0,338
137,1	2,336	0,315
137,2	2,286	0,306
137,3	2,231	0,308
137,4	2,180	0,315
137,5	2,127	0,335
137,6	2,091	0,359
137,7	2,067	0,390
137,8	2,061	0,419
137,9	2,069	0,444
138,0	2,097	0,468
138,1	2,141	0,482
138,2	2,190	0,483
138,3	2,247	0,480
138,4	2,298	0,468
138,5	2,348	0,447
138,6	2,384	0,425
138,7	2,400	0,401
138,8	2,397	0,372
138,9	2,381	0,350
139,0	2,345	0,335
139,1	2,295	0,326
139,2	2,240	0,324
139,3	2,183	0,336
139,4	2,130	0,350
139,5	2,088	0,366
139,6	2,057	0,389
139,7	2,046	0,413
139,8	2,055	0,432
139,9	2,082	0,447
140,0	2,124	0,456
140,1	2,178	0,464
140,2	2,238	0,461
140,3	2,298	0,452
140,4	2,351	0,434
140,5	2,387	0,417
140,6	2,411	0,399
140,7	2,412	0,380
140,8	2,394	0,363
140,9	2,360	0,353
141,0	2,309	0,350
141,1	2,252	0,347
141,2	2,189	0,351
141,3	2,133	0,363
141,4	2,087	0,378
141,5	2,054	0,393
141,6	2,040	0,405
141,7	2,048	0,422
141,8	2,073	0,432
141,9	2,114	0,438
142,0	2,172	0,443
142,1	2,232	0,437
142,2	2,292	0,432
142,3	2,345	0,422
142,4	2,388	0,411
142,5	2,414	0,396
142,6	2,414	0,389
142,7	2,400	0,378
142,8	2,369	0,371
142,9	2,316	0,368
143,0	2,258	0,372
143,1	2,193	0,372
143,2	2,141	0,381
143,3	2,087	0,390
143,4	2,054	0,396
143,5	2,037	0,407
143,6	2,040	0,413
143,7	2,066	0,416
143,8	2,106	0,420
143,9	2,163	0,422
144,0	2,220	0,419
144,1	2,283	0,411
144,2	2,339	0,405
144,3	2,382	0,399
144,4	2,409	0,393
144,5	2,415	0,390
144,6	2,405	0,392
144,7	2,373	0,390
144,8	2,325	0,387
144,9	2,264	0,393
145,0	2,201	0,396
145,1	2,142	0,401
145,2	2,091	0,405
145,3	2,052	0,408
145,4	2,034	0,407
145,5	2,039	0,407
145,6	2,058	0,407
145,7	2,100	0,401
145,8	2,153	0,395
145,9	2,213	0,387
146,0	2,279	0,386
146,1	2,334	0,384
146,2	2,381	0,387
146,3	2,414	0,390
146,4	2,421	0,389
146,5	2,411	0,398
146,6	2,378	0,407
146,7	2,334	0,413
146,8	2,277	0,417
146,9	2,213	0,422
147,0	2,150	0,422
147,1	2,097	0,422
147,2	2,063	0,419
147,3	2,039	0,411
147,4	2,040	0,401
147,5	2,060	0,392
147,6	2,093	0,381
147,7	2,148	0,375
147,8	2,210	0,371
147,9	2,271	0,368
148,0	2,324	0,369
148,1	2,372	0,374
148,2	2,405	0,386
148,3	2,418	0,395
148,4	2,408	0,408
148,5	2,381	0,419
148,6	2,337	0,431
148,7	2,283	0,438
148,8	2,220	0,444
148,9	2,162	0,443
149,0	2,111	0,435
149,1	2,069	0,429
149,2	2,049	0,417
149,3	2,043	0,401
149,4	2,061	0,383
149,5	2,091	0,366
149,6	2,142	0,354
149,7	2,199	0,344
149,8	2,261	0,342
149,9	2,318	0,350
150,0	2,364	0,357
150,1	2,393	0,374
150,2	2,409	0,392
150,3	2,405	0,411
150,4	2,382	0,431
150,5	2,342	0,446
150,6	2,289	0,461
150,7	2,228	0,467
150,8	2,172	0,464
150,9	2,121	0,456
151,0	2,084	0,441
151,1	2,058	0,420
151,2	2,051	0,398
151,3	2,066	0,375
151,4	2,093	0,351
151,5	2,138	0,336
151,6	2,192	0,326
151,7	2,252	0,320
151,8	2,306	0,324
151,9	2,349	0,338
152,0	2,384	0,362
152,1	2,402	0,387
152,2	2,399	0,416
152,3	2,381	0,441
152,4	2,343	0,464
152,5	2,298	0,479
152,6	2,238	0,486
152,7	2,183	0,488
152,8	2,139	0,479
152,9	2,099	0,456
153,0	2,070	0,432
153,1	2,064	0,399
153,2	2,070	0,368
153,3	2,097	0,341
153,4	2,139	0,321
153,5	2,187	0,305
153,6	2,243	0,305
153,7	2,295	0,311
153,8	2,337	0,326
153,9	2,369	0,350
154,0	2,387	0,381
154,1	2,387	0,416
154,2	2,372	0,449
154,3	2,340	0,476
154,4	2,298	0,497
154,5	2,244	0,509
154,6	2,198	0,507
154,7	2,147	0,495
154,8	2,111	0,473
154,9	2,084	0,441
155,0	2,075	0,404
155,1	2,084	0,366
155,2	2,106	0,336
155,3	2,141	0,306
155,4	2,184	0,288
155,5	2,234	0,282
155,6	2,282	0,287
155,7	2,322	0,309
155,8	2,354	0,336
155,9	2,373	0,375
156,0	2,373	0,411
156,1	2,358	0,450
156,2	2,333	0,485
156,3	2,298	0,515
156,4	2,255	0,527
156,5	2,207	0,528
156,6	2,163	0,512
156,7	2,127	0,486
156,8	2,097	0,452
156,9	2,094	0,407
157,0	2,099	0,369
157,1	2,118	0,327
157,2	2,147	0,294
157,3	2,183	0,272
157,4	2,226	0,264
157,5	2,270	0,270
157,6	2,309	0,291
157,7	2,339	0,323
157,8	2,355	0,363
157,9	2,357	0,410
158,0	2,345	0,456
158,1	2,324	0,492
158,2	2,288	0,522
158,3	2,250	0,540
158,4	2,211	0,542
158,5	2,169	0,530
158,6	2,138	0,500
158,7	2,118	0,464
158,8	2,109	0,419
158,9	2,111	0,369
159,0	2,127	0,327
159,1	2,151	0,285
159,2	2,184	0,260
159,3	2,223	0,251
159,4	2,261	0,255
159,5	2,292	0,273
159,6	2,319	0,311
159,7	2,334	0,357
159,8	2,340	0,405
159,9	2,333	0,452
160,0	2,315	0,498
160,1	2,286	0,530
160,2	2,253	0,552
160,3	2,216	0,558
160,4	2,181	0,542
160,5	2,154	0,515
160,6	2,135	0,476
160,7	2,126	0,429
160,8	2,126	0,374
160,9	2,139	0,323
161,0	2,159	0,281
161,1	2,186	0,249
161,2	2,217	0,236
161,3	2,253	0,239
161,4	2,282	0,261
161,5	2,304	0,296
161,6	2,315	0,342
161,7	2,322	0,396
161,8	2,313	0,452
161,9	2,300	0,500
162,0	2,279	0,540
162,1	2,253	0,561
162,2	2,225	0,570
162,3	2,196	0,560
162,4	2,172	0,530
162,5	2,156	0,489
162,6	2,145	0,438
162,7	2,148	0,380
162,8	2,159	0,324
162,9	2,174	0,281
163,0	2,198	0,243
163,1	2,222	0,228
163,2	2,244	0,230
163,3	2,270	0,248
163,4	2,286	0,285
163,5	2,297	0,335
163,6	2,300	0,392
163,7	2,294	0,450
163,8	2,286	0,503
163,9	2,270	0,545
164,0	2,249	0,569
164,1	2,225	0,582
164,2	2,205	0,572
164,3	2,186	0,545
164,4	2,175	0,500
164,5	2,172	0,444
164,6	2,171	0,387
164,7	2,175	0,330
164,8	2,186	0,282
164,9	2,208	0,240
165,0	2,222	0,219
165,1	2,237	0,216
165,2	2,256	0,239
165,3	2,264	0,273
165,4	2,273	0,326
165,5	2,273	0,381
165,6	2,271	0,441
165,7	2,264	0,497
165,8	2,255	0,543
165,9	2,243	0,575
166,0	2,228	0,587
166,1	2,213	0,579
166,2	2,204	0,552
166,3	2,193	0,509
166,4	2,193	0,453
166,5	2,195	0,396
166,6	2,199	0,333
166,7	2,204	0,281
166,8	2,216	0,240
166,9	2,225	0,216
167,0	2,232	0,213
167,1	2,238	0,231
167,2	2,244	0,261
167,3	2,252	0,314
167,4	2,255	0,374
167,5	2,250	0,434
167,6	2,247	0,495
167,7	2,240	0,540
167,8	2,232	0,578
167,9	2,226	0,590
168,0	2,223	0,582
168,1	2,217	0,558
168,2	2,213	0,515
168,3	2,213	0,462
168,4	2,217	0,399
168,5	2,219	0,341
168,6	2,225	0,282
168,7	2,229	0,243
168,8	2,232	0,216
168,9	2,237	0,213
169,0	2,238	0,227
169,1	2,235	0,260
169,2	2,232	0,308
169,3	2,229	0,363
169,4	2,226	0,428
169,5	2,226	0,486
169,6	2,223	0,536
169,7	2,222	0,572
169,8	2,223	0,590
169,9	2,226	0,584
170,0	2,231	0,566
170,1	2,231	0,525
170,2	2,238	0,470
170,3	2,241	0,408
170,4	2,246	0,347
170,5	2,247	0,294
170,6	2,241	0,249
170,7	2,241	0,222
170,8	2,238	0,213
170,9	2,231	0,222
171,0	2,222	0,254
171,1	2,214	0,302
171,2	2,211	0,357
171,3	2,208	0,420
171,4	2,202	0,480
171,5	2,207	0,530
171,6	2,210	0,569
171,7	2,217	0,587
171,8	2,226	0,587
171,9	2,238	0,567
172,0	2,247	0,528
172,1	2,258	0,477
172,2	2,264	0,420
172,3	2,264	0,359
172,4	2,265	0,303
172,5	2,261	0,260
172,6	2,253	0,228
172,7	2,237	0,218
172,8	2,222	0,225
172,9	2,210	0,254
173,0	2,201	0,296
173,1	2,189	0,351
173,2	2,180	0,411
173,3	2,180	0,471
173,4	2,184	0,518
173,5	2,195	0,560
173,6	2,205	0,582
173,7	2,223	0,584
173,8	2,244	0,569
173,9	2,262	0,533
174,0	2,274	0,485
174,1	2,285	0,428
174,2	2,291	0,369
174,3	2,286	0,317
174,4	2,277	0,267
174,5	2,262	0,237
174,6	2,244	0,225
174,7	2,223	0,231
174,8	2,201	0,255
174,9	2,181	0,294
175,0	2,168	0,345
175,1	2,159	0,402
175,2	2,157	0,459
175,3	2,163	0,510
175,4	2,180	0,545
175,5	2,201	0,572
175,6	2,223	0,578
175,7	2,250	0,563
175,8	2,274	0,528
175,9	2,294	0,483
176,0	2,307	0,434
176,1	2,312	0,377
176,2	2,306	0,323
176,3	2,292	0,278
176,4	2,277	0,245
176,5	2,253	0,231
176,6	2,231	0,237
176,7	2,196	0,258
176,8	2,168	0,291
176,9	2,151	0,339
177,0	2,138	0,395
177,1	2,139	0,447
177,2	2,148	0,495
177,3	2,165	0,534
177,4	2,192	0,557
177,5	2,219	0,564
177,6	2,252	0,552
177,7	2,280	0,525
177,8	2,306	0,486
177,9	2,325	0,438
178,0	2,333	0,387
178,1	2,325	0,336
178,2	2,316	0,290
178,3	2,292	0,264
178,4	2,258	0,245
178,5	2,226	0,249
178,6	2,192	0,264
178,7	2,160	0,297
178,8	2,136	0,342
178,9	2,123	0,392
179,0	2,120	0,440
179,1	2,129	0,482
179,2	2,150	0,524
179,3	2,177	0,543
179,4	2,213	0,554
179,5	2,252	0,543
179,6	2,288	0,521
179,7	2,318	0,485
179,8	2,340	0,438
179,9	2,348	0,389
180,0	2,345	0,342
180,1	2,330	0,306
180,2	2,303	0,276
180,3	2,270	0,258
180,4	2,229	0,258
180,5	2,190	0,278
180,6	2,153	0,305
180,7	2,123	0,339
180,8	2,105	0,386
180,9	2,100	0,431
181,0	2,108	0,474
181,1	2,132	0,507
181,2	2,165	0,528
181,3	2,201	0,539
181,4	2,247	0,530
181,5	2,294	0,510
181,6	2,327	0,480
181,7	2,355	0,440
181,8	2,367	0,399
181,9	2,366	0,357
182,0	2,351	0,321
182,1	2,322	0,297
182,2	2,282	0,276
182,3	2,235	0,275
182,4	2,189	0,288
182,5	2,145	0,308
182,6	2,111	0,347
182,7	2,090	0,387
182,8	2,082	0,422
182,9	2,090	0,458
183,0	2,117	0,488
183,1	2,153	0,512
183,2	2,196	0,521
183,3	2,247	0,516
183,4	2,294	0,501
183,5	2,333	0,473
183,6	2,363	0,440
183,7	2,375	0,402
183,8	2,381	0,368
183,9	2,366	0,336
184,0	2,334	0,312
184,1	2,291	0,293
184,2	2,243	0,296
184,3	2,196	0,303
184,4	2,145	0,320
184,5	2,103	0,348
184,6	2,078	0,381
184,7	2,072	0,416
184,8	2,078	0,447
184,9	2,097	0,471
185,0	2,138	0,489
185,1	2,187	0,497
185,2	2,238	0,492
185,3	2,289	0,485
185,4	2,340	0,464
185,5	2,373	0,437
185,6	2,393	0,408
185,7	2,396	0,377
185,8	2,379	0,348
185,9	2,346	0,329
186,0	2,301	0,320
186,1	2,249	0,314
186,2	2,195	0,323
186,3	2,147	0,336
186,4	2,100	0,354
186,5	2,070	0,381
186,6	2,057	0,413
186,7	2,064	0,435
186,8	2,087	0,459
186,9	2,124	0,473
187,0	2,172	0,479
187,1	2,231	0,477
187,2	2,289	0,468
187,3	2,339	0,450
187,4	2,381	0,429
187,5	2,400	0,410
187,6	2,406	0,386
187,7	2,390	0,362
187,8	2,360	0,348
187,9	2,315	0,339
188,0	2,259	0,338
188,1	2,205	0,338
188,2	2,145	0,351
188,3	2,096	0,368
188,4	2,063	0,384
188,5	2,048	0,405
188,6	2,054	0,425
188,7	2,079	0,441
188,8	2,118	0,450
188,9	2,166	0,458
189,0	2,223	0,459
189,1	2,282	0,452
189,2	2,336	0,437
189,3	2,376	0,420
189,4	2,405	0,408
189,5	2,412	0,390
189,6	2,400	0,374
189,7	2,369	0,363
189,8	2,325	0,357
189,9	2,267	0,357
190,0	2,208	0,362
190,1	2,150	0,369
190,2	2,097	0,378
190,3	2,064	0,395
190,4	2,045	0,405
190,5	2,045	0,420
190,6	2,066	0,429
190,7	2,102	0,437
190,8	2,156	0,435
190,9	2,213	0,435
191,0	2,274	0,432
191,1	2,333	0,422
191,2	2,378	0,413
191,3	2,405	0,401
191,4	2,418	0,395
191,5	2,408	0,386
191,6	2,379	0,381
191,7	2,333	0,378
191,8	2,279	0,381
191,9	2,214	0,383
192,0	2,154	0,390
192,1	2,102	0,393
192,2	2,063	0,402
192,3	2,040	0,407
192,4	2,039	0,411
192,5	2,055	0,411
192,6	2,094	0,416
192,7	2,144	0,414
192,8	2,204	0,408
192,9	2,267	0,408
193,0	2,330	0,402
193,1	2,373	0,395
193,2	2,408	0,395
193,3	2,421	0,393
193,4	2,412	0,395
193,5	2,387	0,396
193,6	2,339	0,401
193,7	2,286	0,404
193,8	2,226	0,405
193,9	2,168	0,411
194,0	2,111	0,410
194,1	2,066	0,413
194,2	2,040	0,413
194,3	2,039	0,410
194,4	2,057	0,404
194,5	2,088	0,396
194,6	2,138	0,390
194,7	2,196	0,386
194,8	2,258	0,387
194,9	2,315	0,383
195,0	2,364	0,384
195,1	2,400	0,389
195,2	2,418	0,392
195,3	2,412	0,402
195,4	2,387	0,413
195,5	2,348	0,419
195,6	2,294	0,426
195,7	2,232	0,429
195,8	2,172	0,431
195,9	2,118	0,429
196,0	2,073	0,423
196,1	2,048	0,417
196,2	2,042	0,405
196,3	2,055	0,395
196,4	2,085	0,383
196,5	2,132	0,374
196,6	2,190	0,365
196,7	2,247	0,362
196,8	2,313	0,363
196,9	2,360	0,372
197,0	2,393	0,380
197,1	2,412	0,392
197,2	2,409	0,407
197,3	2,388	0,425
197,4	2,352	0,440
197,5	2,304	0,449
197,6	2,246	0,453
197,7	2,183	0,453
197,8	2,127	0,450
197,9	2,084	0,435
198,0	2,055	0,425
198,1	2,048	0,405
198,2	2,058	0,387
198,3	2,087	0,369
198,4	2,129	0,353
198,5	2,181	0,345
198,6	2,238	0,339
198,7	2,297	0,342
198,8	2,343	0,351
198,9	2,384	0,366
199,0	2,402	0,386
199,1	2,402	0,408
199,2	2,387	0,431
199,3	2,352	0,446
199,4	2,304	0,461
199,5	2,247	0,473
199,6	2,192	0,474
199,7	2,139	0,470
199,8	2,093	0,452
199,9	2,072	0,431
200,0	2,057	0,407
200,1	2,060	0,386
200,2	2,085	0,357
200,3	2,127	0,339
200,4	2,178	0,321
200,5	2,237	0,317
200,6	2,288	0,320
200,7	2,336	0,333
200,8	2,372	0,351
200,9	2,391	0,380
201,0	2,394	0,407
201,1	2,382	0,438
201,2	2,351	0,461
201,3	2,303	0,480
201,4	2,253	0,491
201,5	2,202	0,495
201,6	2,153	0,486
201,7	2,108	0,468
201,8	2,081	0,444
201,9	2,069	0,413
202,0	2,073	0,377
202,1	2,091	0,348
202,2	2,129	0,320
202,3	2,175	0,306
202,4	2,229	0,297
202,5	2,276	0,297
202,6	2,322	0,315
202,7	2,357	0,341
202,8	2,379	0,374
202,9	2,384	0,407
203,0	2,372	0,438
203,1	2,345	0,470
203,2	2,304	0,498
203,3	2,258	0,512
203,4	2,210	0,516
203,5	2,163	0,507
203,6	2,124	0,483
203,7	2,097	0,455
203,8	2,079	0,417
203,9	2,084	0,378
204,0	2,102	0,342
204,1	2,130	0,309
204,2	2,172	0,285
204,3	2,219	0,278
204,4	2,265	0,281
204,5	2,307	0,297
204,6	2,340	0,320
204,7	2,358	0,359
204,8	2,369	0,401
204,9	2,360	0,444
205,0	2,336	0,480
205,1	2,301	0,509
205,2	2,258	0,528
205,3	2,216	0,533
205,4	2,175	0,524
205,5	2,138	0,497
205,6	2,109	0,470
205,7	2,096	0,423
205,8	2,097	0,381
205,9	2,111	0,336
206,0	2,136	0,300
206,1	2,172	0,276
206,2	2,208	0,263
206,3	2,253	0,266
206,4	2,294	0,281
206,5	2,324	0,314
206,6	2,342	0,353
206,7	2,346	0,395
206,8	2,340	0,443
206,9	2,325	0,485
207,0	2,298	0,521
207,1	2,262	0,542
207,2	2,226	0,546
207,3	2,189	0,536
207,4	2,154	0,513
207,5	2,129	0,476
207,6	2,115	0,432
207,7	2,117	0,383
207,8	2,126	0,336
207,9	2,145	0,294
208,0	2,177	0,263
208,1	2,210	0,248
208,2	2,246	0,249
208,3	2,279	0,263
208,4	2,309	0,296
208,5	2,321	0,339
208,6	2,331	0,392
208,7	2,328	0,440
208,8	2,315	0,488
208,9	2,291	0,528
209,0	2,259	0,551
209,1	2,228	0,561
209,2	2,195	0,555
209,3	2,168	0,531
209,4	2,145	0,488
209,5	2,133	0,440
209,6	2,135	0,389
209,7	2,139	0,335
209,8	2,157	0,290
209,9	2,180	0,255
210,0	2,210	0,239
210,1	2,240	0,237
210,2	2,265	0,251
210,3	2,291	0,281
210,4	2,306	0,327
210,5	2,312	0,378
210,6	2,310	0,435
210,7	2,298	0,488
210,8	2,277	0,531
210,9	2,253	0,558
211,0	2,226	0,570
211,1	2,204	0,566
211,2	2,183	0,542
211,3	2,168	0,501
211,4	2,156	0,450
211,5	2,156	0,395
211,6	2,160	0,339
211,7	2,169	0,291
211,8	2,189	0,251
211,9	2,210	0,230
212,0	2,232	0,227
212,1	2,256	0,239
212,2	2,273	0,270
212,3	2,285	0,320
212,4	2,289	0,372
212,5	2,288	0,429
212,6	2,279	0,483
212,7	2,264	0,530
212,8	2,250	0,561
212,9	2,228	0,576
213,0	2,210	0,575
213,1	2,195	0,551
213,2	2,186	0,510
213,3	2,178	0,461
213,4	2,172	0,401
213,5	2,181	0,341
213,6	2,192	0,290
213,7	2,205	0,249
213,8	2,217	0,228
213,9	2,237	0,221
214,0	2,250	0,233
214,1	2,258	0,260
214,2	2,261	0,305
214,3	2,264	0,362
214,4	2,264	0,422
214,5	2,259	0,482
214,6	2,252	0,528
214,7	2,243	0,564
214,8	2,226	0,582
214,9	2,217	0,582
215,0	2,207	0,563
215,1	2,204	0,522
215,2	2,199	0,471
215,3	2,199	0,414
215,4	2,202	0,350
215,5	2,207	0,297
215,6	2,214	0,252
215,7	2,222	0,225
215,8	2,232	0,213
215,9	2,235	0,227
216,0	2,240	0,255
216,1	2,244	0,299
216,2	2,246	0,356
216,3	2,241	0,416
216,4	2,238	0,476
216,5	2,235	0,527
216,6	2,232	0,563
216,7	2,225	0,587
216,8	2,219	0,585
216,9	2,216	0,572
217,0	2,219	0,530
217,1	2,220	0,485
217,2	2,223	0,425
217,3	2,223	0,362
217,4	2,226	0,303
217,5	2,226	0,254
217,6	2,232	0,225
217,7	2,232	0,207
217,8	2,232	0,221
217,9	2,231	0,245
218,0	2,229	0,288
218,1	2,223	0,345
218,2	2,216	0,408
218,3	2,214	0,468
